0.322269 1 9 8.5917 -0.00120916
1 2 8.5917 8.52583 -0.000611434
2 3 8.52583 8.38416 -0.0011514
3 4 8.38416 8.34072 -0.00151231
4 5 8.34072 8.22725 -0.00279112
5 6 8.22725 8.20567 -0.00275024
6 7 8.20567 8.13272 -0.00332195
7 8 8.13272 8.09257 -0.00325478
8 9 8.09257 8.08716 -0.00560816
9 10 8.08716 8.10145 -0.00396107
10 11 8.10145 8.14134 -0.00504079
11 12 8.14134 8.21388 -0.00458206
12 13 8.21388 8.21028 -0.00639077
13 14 8.21028 8.36989 -0.00340313
14 15 8.36989 8.39378 -0.00674134
15 16 8.39378 8.49772 -0.00423703
16 17 8.49772 8.51109 -0.00775425
17 18 8.51109 8.92016 -0.00140341
18 18.2598 8.92016 9 -0.000842793
5.03144e-18 0.322269 9.32078 9 -0.000600573
18.2598 19 9 9.20731 -0.00199345
19 20 9.20731 9.23499 -0.00826014
20 21 9.23499 9.40382 -0.00654027
21 22 9.40382 9.5949 -0.00537457
22 23 9.5949 9.89071 -0.00316138
23 23.2577 9.89071 10 -0.000751895
23.2577 24 10 10.3408 -0.00131836
