0.832798 1 3 2.88697 -1.6825e-06
1 2 2.88697 2.63548 -7.34944e-06
2 3 2.63548 2.56073 -7.13789e-06
3 4 2.56073 2.51138 -0.00012492
4 5 2.51138 2.45168 -5.55126e-05
5 6 2.45168 2.40888 -0.00020189
6 7 2.40888 2.39661 -0.000257365
7 8 2.39661 2.38005 -0.000433831
8 9 2.38005 2.33092 -0.00224007
9 10 2.33092 2.29805 -0.00368159
10 11 2.29805 2.36488 -0.00278645
11 12 2.36488 2.38731 -0.00354667
12 13 2.38731 2.40743 -0.00428018
13 14 2.40743 2.44482 -0.00340999
14 15 2.44482 2.49312 -0.00565321
15 16 2.49312 2.54031 -0.0063618
16 17 2.54031 2.63158 -0.00547258
17 18 2.63158 2.80286 -0.00508837
18 18.4698 2.80286 3 -0.000898837
-9.37276e-18 0.832798 3.68381 3 -7.42772e-06
18.4698 19 3 3.21895 -0.000655282
19 20 3.21895 3.37378 -0.00579149
20 21 3.37378 3.50414 -0.00657022
21 22 3.50414 3.64341 -0.00501749
22 22.7736 3.64341 4 -0.00201721
22.7736 23 4 4.1103 -0.0010917
23 24 4.1103 4.73725 -0.00137427
