0.216164 1 12 11.7999 -0.00203944
1 2 11.7999 11.746 -0.00196202
2 3 11.746 11.6957 -0.00270584
3 4 11.6957 11.6513 -0.00368823
4 5 11.6513 11.6076 -0.00408458
5 6 11.6076 11.5675 -0.00416321
6 7 11.5675 11.5456 -0.00446254
7 8 11.5456 11.5193 -0.0042975
8 9 11.5193 11.5118 -0.00525412
9 10 11.5118 11.5329 -0.00646218
10 11 11.5329 11.5492 -0.00540157
11 12 11.5492 11.5597 -0.0058221
12 13 11.5597 11.6011 -0.00679927
13 14 11.6011 11.6469 -0.00546109
14 15 11.6469 11.679 -0.00699284
15 16 11.679 11.7308 -0.00486418
16 17 11.7308 11.7833 -0.0049247
17 18 11.7833 11.8413 -0.00673595
18 19 11.8413 11.8892 -0.00614853
19 20 11.8892 11.939 -0.00626549
20 21 11.939 11.9865 -0.00688834
21 21.3515 11.9865 12 -0.00308781
2.83722e-18 0.216164 12.1035 12 -0.00059525
21.3515 22 12 12.0379 -0.00504282
22 23 12.0379 12.0884 -0.00745548
23 24 12.0884 12.301 -0.00352174
