3.29446 4 1 0.827979 -5.40932e-06
4 5 0.827979 0.727428 -7.18232e-06
5 6 0.727428 0.699606 -0.00012604
6 7 0.699606 0.678315 -0.000199653
7 8 0.678315 0.613464 -0.00042154
8 9 0.613464 0.640536 -0.00113435
9 10 0.640536 0.635588 -0.00134326
10 11 0.635588 0.636224 -0.00113307
11 12 0.636224 0.622437 -0.0014251
12 13 0.622437 0.679893 -0.00166265
13 14 0.679893 0.716546 -0.00427924
14 15 0.716546 0.774131 -0.00314295
15 16 0.774131 0.928031 -0.00265249
16 16.3135 0.928031 1 -0.000513573
1.51711e-17 1 1.8837 1.3051 -8.1509e-06
1 2 1.3051 1.20567 -7.0905e-06
2 3 1.20567 1.07955 -7.14922e-06
3 3.29446 1.07955 1 -2.36987e-06
16.3135 17 1 1.1444 -0.00193588
17 18 1.1444 1.28033 -0.00578469
18 19 1.28033 1.39546 -0.00499263
19 20 1.39546 1.51411 -0.00603189
20 21 1.51411 1.63826 -0.00554871
21 21.9094 1.63826 2 -0.00342255
21.9094 22 2 2.0498 -0.000152582
22 23 2.0498 2.30391 -0.00490044
23 24 2.30391 2.83672 -0.0016384
