3.03097 4 3 2.76394 -0.000176164
4 5 2.76394 2.67882 -0.000341708
5 6 2.67882 2.62893 -0.000643364
6 7 2.62893 2.62902 -0.000475147
7 8 2.62902 2.61762 -0.00099906
8 9 2.61762 2.56744 -0.0023395
9 10 2.56744 2.52368 -0.00231636
10 11 2.52368 2.61247 -0.00263984
11 12 2.61247 2.62557 -0.002723
12 13 2.62557 2.63223 -0.00448442
13 14 2.63223 2.67324 -0.00383843
14 15 2.67324 2.74037 -0.00522429
15 16 2.74037 2.96706 -0.00261284
16 16.1277 2.96706 3 -0.000194195
-2.90305e-17 1 3.86265 3.29515 -8.61773e-06
1 2 3.29515 3.19577 -6.52925e-06
2 3 3.19577 3.00948 -7.57102e-06
3 3.03097 3.00948 3 -2.39989e-07
16.1277 17 3 3.18266 -0.0041225
17 18 3.18266 3.33087 -0.00593495
18 19 3.33087 3.45674 -0.00498261
19 20 3.45674 3.57307 -0.00705477
20 21 3.57307 3.81231 -0.00433899
21 21.396 3.81231 4 -0.000797115
21.396 22 4 4.26948 -0.000915167
22 23 4.26948 4.37918 -0.006783
23 24 4.37918 4.92585 -0.00203347
