4.721 5 9 8.95472 -0.00116415
5 6 8.95472 8.81257 -0.00485962
6 7 8.81257 8.74688 -0.00456465
7 8 8.74688 8.71118 -0.00458502
8 9 8.71118 8.71115 -0.00453989
9 10 8.71115 8.7215 -0.00437859
10 11 8.7215 8.75195 -0.00412373
11 12 8.75195 8.84503 -0.00310508
12 12.9781 8.84503 9 -0.00453393
-2.78131e-18 1 9.64432 9.39821 -0.00134412
1 2 9.39821 9.32783 -0.000857826
2 3 9.32783 9.24273 -0.00197461
3 4 9.24273 9.08151 -0.00244946
4 4.721 9.08151 9 -0.00116209
12.9781 13 9 9.00387 -1.79263e-05
13 14 9.00387 9.07787 -0.00603389
14 15 9.07787 9.20956 -0.00478163
15 16 9.20956 9.35511 -0.00328056
16 17 9.35511 9.36302 -0.00778227
17 18 9.36302 9.50342 -0.00487967
18 19 9.50342 9.6411 -0.00516204
19 19.9988 9.6411 10 -0.0032372
19.9988 20 10 10.0006 -1.91751e-08
20 21 10.0006 10.253 -0.00442209
21 22 10.253 10.3912 -0.00504693
22 23 10.3912 10.3831 -0.0070931
23 24 10.3831 10.5488 -0.00512934
