1.22149 2 3 2.71703 -6.40748e-06
2 3 2.71703 2.61303 -7.1459e-06
3 4 2.61303 2.56333 -7.96731e-05
4 5 2.56333 2.50313 -7.49354e-06
5 6 2.50313 2.46265 -0.000273237
6 7 2.46265 2.45367 -0.000979094
7 8 2.45367 2.43806 -0.000933891
8 9 2.43806 2.39139 -0.00181104
9 10 2.39139 2.35763 -0.0023642
10 11 2.35763 2.42963 -0.00232079
11 12 2.42963 2.44809 -0.00331789
12 13 2.44809 2.46291 -0.0048066
13 14 2.46291 2.4975 -0.00440358
14 15 2.4975 2.54506 -0.0043225
15 16 2.54506 2.59364 -0.00580406
16 17 2.59364 2.69879 -0.00421052
17 17.9506 2.69879 3 -0.000955497
3.18586e-17 1 3.72497 3.07799 -9.43017e-06
1 1.22149 3.07799 3 -1.7164e-06
17.9506 18 3 3.02052 -9.52474e-05
18 19 3.02052 3.28885 -0.00245106
19 20 3.28885 3.42374 -0.00719494
20 21 3.42374 3.55006 -0.00723843
21 22 3.55006 3.75355 -0.00335622
22 22.4875 3.75355 4 -0.000965355
22.4875 23 4 4.2228 -0.000880026
23 24 4.2228 4.7787 -0.00179612
