1.08455 2 8 7.61724 -0.00101036
2 3 7.61724 7.51114 -0.0011284
3 4 7.51114 7.457 -0.00151556
4 5 7.457 7.32935 -0.00236822
5 6 7.32935 7.3733 -0.00169249
6 7 7.3733 7.31221 -0.00343761
7 8 7.31221 7.28286 -0.00359276
8 9 7.28286 7.27709 -0.00386257
9 10 7.27709 7.28104 -0.0045622
10 11 7.28104 7.3135 -0.00497221
11 12 7.3135 7.34414 -0.00464017
12 13 7.34414 7.34332 -0.00495244
13 14 7.34332 7.46289 -0.00472772
14 15 7.46289 7.49676 -0.00624852
15 16 7.49676 7.57441 -0.00508485
16 17 7.57441 7.86321 -0.00159136
17 17.44 7.86321 8 -0.000454566
-6.33076e-18 1 8.5506 8.03961 -0.00145405
1 1.08455 8.03961 8 -9.55425e-07
17.44 18 8 8.16064 -0.00173923
18 19 8.16064 8.34696 -0.00503766
19 20 8.34696 8.47301 -0.00522428
20 21 8.47301 8.5437 -0.00667998
21 22 8.5437 8.86863 -0.00152521
22 22.2931 8.86863 9 -0.00057304
22.2931 23 9 9.26451 -0.00155045
23 24 9.26451 9.55122 -0.00280797
