0.479433 1 2 1.63285 -4.43722e-06
1 2 1.63285 1.5284 -6.48227e-06
2 3 1.5284 1.48578 -6.91916e-06
3 4 1.48578 1.42198 -6.8521e-06
4 5 1.42198 1.3651 -0.000131141
5 6 1.3651 1.32294 -0.000249585
6 7 1.32294 1.2908 -0.000661137
7 8 1.2908 1.24631 -0.000857701
8 9 1.24631 1.21445 -0.0010609
9 10 1.21445 1.2182 -0.00137262
10 11 1.2182 1.21974 -0.00126594
11 12 1.21974 1.27347 -0.00210425
12 13 1.27347 1.29318 -0.00301041
13 14 1.29318 1.34059 -0.00431152
14 15 1.34059 1.39239 -0.0051905
15 16 1.39239 1.44132 -0.00456714
16 17 1.44132 1.51449 -0.00646924
17 18 1.51449 1.59999 -0.00480603
18 19 1.59999 1.74127 -0.00595174
19 19.6427 1.74127 2 -0.000412592
-7.48223e-18 0.479433 2.57319 2 -4.15073e-06
19.6427 20 2 2.15689 -0.000642215
20 21 2.15689 2.36116 -0.00664751
21 22 2.36116 2.49377 -0.00478374
22 23 2.49377 2.63222 -0.00630008
23 23.5113 2.63222 3 -0.000461905
23.5113 24 3 3.59002 -1.55643e-05
