2.02625 3 1 0.760454 -7.13859e-06
3 4 0.760454 0.67778 -7.11969e-06
4 5 0.67778 0.623496 -6.9078e-06
5 6 0.623496 0.598673 -5.26229e-05
6 7 0.598673 0.578354 -0.000152957
7 8 0.578354 0.520766 -0.000828422
8 9 0.520766 0.540874 -0.000634539
9 10 0.540874 0.540547 -0.000900205
10 11 0.540547 0.543834 -0.00257666
11 12 0.543834 0.533047 -0.00242161
12 13 0.533047 0.578972 -0.00233434
13 14 0.578972 0.61029 -0.00356996
14 15 0.61029 0.659392 -0.00435586
15 16 0.659392 0.709025 -0.00462082
16 17 0.709025 0.827416 -0.00307995
17 17.5294 0.827416 1 -0.000376666
-7.22828e-18 1 1.81117 1.22013 -8.54905e-06
1 2 1.22013 1.0078 -6.99744e-06
2 2.02625 1.0078 1 -1.89853e-07
17.5294 18 1 1.15538 -0.000772563
18 19 1.15538 1.30425 -0.00574208
19 20 1.30425 1.43447 -0.00572286
20 21 1.43447 1.54731 -0.00564561
21 22 1.54731 1.72945 -0.00542412
22 22.5622 1.72945 2 -0.000556667
22.5622 23 2 2.18966 -0.00123401
23 24 2.18966 2.7657 -0.00267434
