4.06299 5 5 4.75755 -0.00089183
5 6 4.75755 4.71552 -0.000895894
6 7 4.71552 4.70891 -0.00181611
7 8 4.70891 4.69446 -0.00250728
8 9 4.69446 4.67814 -0.00234984
9 10 4.67814 4.68055 -0.0036024
10 11 4.68055 4.70088 -0.0035139
11 12 4.70088 4.71851 -0.00480705
12 13 4.71851 4.7009 -0.00690511
13 14 4.7009 4.80351 -0.00543895
14 14.739 4.80351 5 -0.00204863
-2.2884e-17 1 5.78165 5.37703 -8.84398e-05
1 2 5.37703 5.28989 -0.000362712
2 3 5.28989 5.1595 -0.000656143
3 4 5.1595 5.02028 -0.000787151
4 4.06299 5.02028 5 -0.000175036
14.739 15 5 5.07505 -0.000623661
15 16 5.07505 5.24902 -0.00313241
16 17 5.24902 5.40726 -0.00410395
17 18 5.40726 5.47192 -0.00589961
18 19 5.47192 5.55737 -0.0055901
19 20 5.55737 5.82212 -0.00315033
20 20.4031 5.82212 6 -0.000849959
20.4031 21 6 6.24377 -0.00131757
21 22 6.24377 6.41266 -0.004373
22 23 6.41266 6.52267 -0.00573299
23 23.8095 6.52267 7 -0.0005344
23.8095 24 7 7.27911 4.76695e-05
