2.74823 3 9 8.93778 -0.000513883
3 4 8.93778 8.67199 -0.00231837
4 5 8.67199 8.5109 -0.00300288
5 6 8.5109 8.55212 -0.00215953
6 7 8.55212 8.51819 -0.00378175
7 8 8.51819 8.49884 -0.00333653
8 9 8.49884 8.4972 -0.0053631
9 10 8.4972 8.50243 -0.00512847
10 11 8.50243 8.51972 -0.00550297
11 12 8.51972 8.56726 -0.00568523
12 13 8.56726 8.47372 -0.00766181
13 14 8.47372 8.73085 -0.00228025
14 15 8.73085 8.88164 -0.00331337
15 15.4604 8.88164 9 -0.000897383
-2.80944e-17 1 9.54501 9.25225 -0.00141268
1 2 9.25225 9.14809 -0.0012187
2 2.74823 9.14809 9 -0.00131576
15.4604 16 9 9.13646 -0.00211658
16 17 9.13646 9.22506 -0.00552505
17 18 9.22506 9.35709 -0.00469834
18 19 9.35709 9.4755 -0.00572049
19 20 9.4755 9.41426 -0.00881964
20 21 9.41426 9.95861 -0.00109122
21 21.129 9.95861 10 -0.000483845
21.129 22 10 10.2643 -0.00370902
22 23 10.2643 10.2866 -0.00752161
23 24 10.2866 10.4866 -0.00357019
