0.186561 1 1 0.441917 -5.97409e-06
1 2 0.441917 0.374925 -6.00317e-06
2 3 0.374925 0.309594 -6.6748e-06
3 4 0.309594 0.23349 -7.19312e-06
4 5 0.23349 0.155948 -7.15108e-06
5 6 0.155948 0.0855161 -5.86574e-05
6 7 0.0855161 0.0110417 -0.000445747
7 7.13665 0.0110417 2.59478e-19 -8.99959e-07
12.8719 13 1.23025e-20 0.0101601 -0.000504594
13 14 0.0101601 0.113892 -0.00144158
14 15 0.113892 0.198626 -0.00409494
15 16 0.198626 0.267219 -0.00381293
16 17 0.267219 0.339681 -0.00420705
17 18 0.339681 0.426387 -0.00574092
18 19 0.426387 0.509474 -0.0060327
19 20 0.509474 0.602877 -0.0062811
20 21 0.602877 0.866953 -0.00464551
21 21.2882 0.866953 1 -0.000582546
4.8953e-18 0.186561 1.34883 1 -1.37852e-06
21.2882 22 1 1.28421 -0.00262844
22 23 1.28421 1.39688 -0.00882624
23 24 1.39688 1.95705 -0.00260739
