6.8334 7 11 10.9863 -0.000929381
7 8 10.9863 10.9625 -0.00557015
8 9 10.9625 10.9702 -0.00423456
9 10 10.9702 10.9645 -0.00746407
10 11 10.9645 10.9977 -0.00393994
11 11.0299 10.9977 11 -0.000181618
-2.62783e-17 1 11.3671 11.3225 -0.000798573
1 2 11.3225 11.3413 -0.00147615
2 3 11.3413 11.2596 -0.00247322
3 4 11.2596 11.1826 -0.00379294
4 5 11.1826 11.1157 -0.00350032
5 6 11.1157 11.0569 -0.00428655
6 6.8334 11.0569 11 -0.00441548
11.0299 12 11 11.0605 -0.00412433
12 13 11.0605 11.1289 -0.00717226
13 14 11.1289 11.1853 -0.00518458
14 15 11.1853 11.2538 -0.00596117
15 16 11.2538 11.3265 -0.00709749
16 17 11.3265 11.3842 -0.0067776
17 18 11.3842 11.4494 -0.00556163
18 19 11.4494 11.5178 -0.00641911
19 20 11.5178 11.5546 -0.00750637
20 21 11.5546 11.5095 -0.00793408
21 22 11.5095 11.5547 -0.00708006
22 23 11.5547 11.6952 -0.00676942
23 24 11.6952 11.9528 -0.00230707
