3.8802 4 3 2.97741 -8.86866e-07
4 5 2.97741 2.75496 -0.000763652
5 6 2.75496 2.6941 -0.000600089
6 7 2.6941 2.69624 -0.000412004
7 8 2.69624 2.68432 -0.00149688
8 9 2.68432 2.62781 -0.00153525
9 10 2.62781 2.57977 -0.00223699
10 11 2.57977 2.68045 -0.00200368
11 12 2.68045 2.694 -0.00312823
12 13 2.694 2.7046 -0.0040364
13 14 2.7046 2.75408 -0.00483964
14 15 2.75408 2.92676 -0.00368759
15 15.3269 2.92676 3 -0.00119274
-9.62881e-18 1 3.91443 3.34358 -8.63479e-06
1 2 3.34358 3.27074 -6.89817e-06
2 3 3.27074 3.14572 -0.000138636
3 3.8802 3.14572 3 -8.67862e-05
15.3269 16 3 3.13984 -0.00265851
16 17 3.13984 3.261 -0.00434923
17 18 3.261 3.39062 -0.00527119
18 19 3.39062 3.51051 -0.0070714
19 20 3.51051 3.63512 -0.00643982
20 20.9527 3.63512 4 -0.00104248
20.9527 21 4 4.02498 -2.18393e-05
21 22 4.02498 4.32954 -0.0017645
22 23 4.32954 4.42231 -0.00635082
23 24 4.42231 4.98728 -0.00140032
