0.485527 1 1 0.62973 -4.03707e-06
1 2 0.62973 0.524078 -7.16393e-06
2 3 0.524078 0.479714 -6.75185e-06
3 4 0.479714 0.420799 -6.45964e-06
4 5 0.420799 0.369017 -7.04875e-06
5 6 0.369017 0.333894 -5.48941e-05
6 7 0.333894 0.300991 -0.000152286
7 8 0.300991 0.246142 -0.00021121
8 9 0.246142 0.248985 -0.000602824
9 10 0.248985 0.253323 -0.0011473
10 11 0.253323 0.254097 -0.00129231
11 12 0.254097 0.255234 -0.001437
12 13 0.255234 0.304553 -0.00315217
13 14 0.304553 0.352077 -0.00295372
14 15 0.352077 0.401078 -0.00445665
15 16 0.401078 0.448185 -0.00478049
16 17 0.448185 0.500546 -0.00558841
17 18 0.500546 0.578992 -0.00505639
18 19 0.578992 0.676833 -0.00615686
19 19.9613 0.676833 1 -0.0020801
1.31173e-18 0.485527 1.6039 1 -3.65885e-06
19.9613 20 1 1.01772 -3.95881e-05
20 21 1.01772 1.31034 -0.00412399
21 22 1.31034 1.44487 -0.00559485
22 23 1.44487 1.56494 -0.00742797
23 23.6282 1.56494 2 -0.000881451
23.6282 24 2 2.50376 1.02284e-05
