5.0172 6 1 0.837126 -0.000197676
6 7 0.837126 0.804125 -0.000205228
7 8 0.804125 0.71947 -0.000544551
8 9 0.71947 0.756281 -0.000478325
9 10 0.756281 0.74898 -0.00110504
10 11 0.74898 0.749869 -0.00196277
11 12 0.749869 0.734556 -0.00269566
12 13 0.734556 0.809719 -0.0023496
13 14 0.809719 0.898869 -0.00270821
14 14.5993 0.898869 1 -0.00264716
0.0180775 1 2 1.3792 -7.98587e-06
1 2 1.3792 1.31192 -6.66925e-06
2 3 1.31192 1.23333 -6.59416e-06
3 4 1.23333 1.12627 -7.3846e-06
4 5 1.12627 1.00329 -7.48493e-06
5 5.0172 1.00329 1 -1.3e-07
14.5993 15 1 1.06905 -0.00132038
15 16 1.06905 1.16799 -0.00441347
16 17 1.16799 1.27323 -0.00553668
17 18 1.27323 1.3797 -0.00512039
18 19 1.3797 1.47841 -0.00647393
19 20 1.47841 1.59491 -0.00641946
20 21 1.59491 1.81752 -0.00458816
21 21.3789 1.81752 2 -0.000522946
3.34594e-19 0.0180775 2.04233 2 -1.30148e-07
21.3789 22 2 2.27692 -0.00160613
22 23 2.27692 2.37772 -0.0056415
23 24 2.37772 2.91469 -0.00142089
