6.43626 7 2 1.95688 -0.000289263
7 8 1.95688 1.82522 -0.00133763
8 9 1.82522 1.79116 -0.000670187
9 10 1.79116 1.81268 -0.0013337
10 11 1.81268 1.78535 -0.00209708
11 12 1.78535 1.92962 -0.00210823
12 12.8159 1.92962 2 -0.00245426
0.138523 1 3 2.44247 -8.04494e-06
1 2 2.44247 2.39278 -6.74002e-06
2 3 2.39278 2.31024 -7.06345e-06
3 4 2.31024 2.23145 -7.49228e-06
4 5 2.23145 2.12961 -0.00013865
5 6 2.12961 2.03221 -0.00060345
6 6.43626 2.03221 2 -0.000106053
12.8159 13 2 2.0162 -0.000829525
13 14 2.0162 2.09843 -0.00300089
14 15 2.09843 2.18826 -0.00537907
15 16 2.18826 2.2734 -0.00405987
16 17 2.2734 2.37062 -0.00400048
17 18 2.37062 2.46008 -0.00418985
18 19 2.46008 2.57915 -0.00743664
19 20 2.57915 2.75302 -0.00354925
20 20.5287 2.75302 3 -0.00121749
2.17785e-18 0.138523 3.26801 3 -1.45189e-06
20.5287 21 3 3.22883 -0.00042402
21 22 3.22883 3.39359 -0.00588696
22 23 3.39359 3.49554 -0.00777116
23 23.7777 3.49554 4 -0.000989172
23.7777 24 4 4.36332 0.000120976
