6.58671 7 6 5.96742 -0.00134754
7 8 5.96742 5.91203 -0.00272714
8 9 5.91203 5.88512 -0.00361796
9 10 5.88512 5.88983 -0.00350828
10 11 5.88983 5.91929 -0.00588722
11 12 5.91929 5.96817 -0.00324901
12 12.3036 5.96817 6 -0.00162021
0.102976 1 7 6.48466 -0.00064126
1 2 6.48466 6.42539 -0.00047112
2 3 6.42539 6.32225 -0.000610273
3 4 6.32225 6.21197 -0.00103136
4 5 6.21197 6.14738 -0.00117915
5 6 6.14738 6.03973 -0.00199546
6 6.58671 6.03973 6 -0.00166011
12.3036 13 6 6.06262 -0.00402036
13 14 6.06262 6.17364 -0.00573767
14 15 6.17364 6.3015 -0.00543353
15 16 6.3015 6.3908 -0.00592515
16 17 6.3908 6.47984 -0.00610238
17 18 6.47984 6.57927 -0.00624571
18 19 6.57927 6.8743 -0.00187582
19 19.3154 6.8743 7 -0.000130733
-4.39644e-18 0.102976 7.15219 7 -1.22798e-06
19.3154 20 7 7.22005 -0.000604681
20 21 7.22005 7.4029 -0.00664094
21 22 7.4029 7.53364 -0.00689436
22 23 7.53364 7.72038 -0.00596157
23 23.4381 7.72038 8 -0.00052023
23.4381 24 8 8.48183 -0.000217697
