1.66279 2 4 3.87834 -8.00034e-05
2 3 3.87834 3.68054 -8.92775e-05
3 4 3.68054 3.59074 -0.000383353
4 5 3.59074 3.5573 -0.000490479
5 6 3.5573 3.51048 -0.000674759
6 7 3.51048 3.50964 -0.000901725
7 8 3.50964 3.43074 -0.00186943
8 9 3.43074 3.47488 -0.00190528
9 10 3.47488 3.44441 -0.0029061
10 11 3.44441 3.47106 -0.00299709
11 12 3.47106 3.51485 -0.00351746
12 13 3.51485 3.52194 -0.00604278
13 14 3.52194 3.54702 -0.00446726
14 15 3.54702 3.58078 -0.00507442
15 16 3.58078 3.68519 -0.004909
16 17 3.68519 3.9741 -0.00210715
17 17.0738 3.9741 4 -0.000247154
-1.67751e-17 1 4.73887 4.18012 -9.13434e-06
1 1.66279 4.18012 4 -5.22114e-06
17.0738 18 4 4.25915 -0.00263511
18 19 4.25915 4.38578 -0.00614851
19 20 4.38578 4.48056 -0.00554239
20 21 4.48056 4.63076 -0.00501884
21 21.8533 4.63076 5 -0.00205202
21.8533 22 5 5.0843 -0.000183668
22 23 5.0843 5.31801 -0.0042862
23 24 5.31801 5.82993 -0.00228016
