0.119431 1 1 0.406896 -7.1108e-06
1 2 0.406896 0.335382 -6.68182e-06
2 3 0.335382 0.258366 -6.43239e-06
3 4 0.258366 0.170709 -6.87987e-06
4 5 0.170709 0.0792101 -7.15356e-06
5 5.88288 0.0792101 -3.02404e-18 -6.44376e-06
13.893 14 4.80847e-19 0.020119 -0.000261876
14 15 0.020119 0.125878 -0.00229551
15 16 0.125878 0.211907 -0.00526893
16 17 0.211907 0.295147 -0.0040688
17 18 0.295147 0.385268 -0.0050555
18 19 0.385268 0.472465 -0.00445385
19 20 0.472465 0.564292 -0.00479501
20 21 0.564292 0.756835 -0.00393988
21 21.539 0.756835 1 -0.00100655
-1.69213e-18 0.119431 1.24993 1 -1.02618e-06
21.539 22 1 1.21494 -0.00109167
22 23 1.21494 1.36399 -0.00540568
23 24 1.36399 1.91698 -0.00192286
