2.13337 3 5 4.69885 -0.000423639
3 4 4.69885 4.6098 -0.000373957
4 5 4.6098 4.56962 -0.000627875
5 6 4.56962 4.53969 -0.00109341
6 7 4.53969 4.52744 -0.0015849
7 8 4.52744 4.51619 -0.00180106
8 9 4.51619 4.49833 -0.00206136
9 10 4.49833 4.50203 -0.00327123
10 11 4.50203 4.52237 -0.00388371
11 12 4.52237 4.53904 -0.00410461
12 13 4.53904 4.52997 -0.00621623
13 14 4.52997 4.57018 -0.00501149
14 15 4.57018 4.63088 -0.00439521
15 16 4.63088 4.85766 -0.00524078
16 16.3905 4.85766 5 -0.0006806
1.2946e-17 1 5.67488 5.23318 -0.000262799
1 2 5.23318 5.059 -0.00012092
2 2.13337 5.059 5 -9.26497e-05
16.3905 17 5 5.21829 -0.000862357
17 18 5.21829 5.33455 -0.00598126
18 19 5.33455 5.42627 -0.00618243
19 20 5.42627 5.55192 -0.00415155
20 21 5.55192 5.75778 -0.00274152
21 21.4747 5.75778 6 -0.00084746
21.4747 22 6 6.27074 -0.000579437
22 23 6.27074 6.38805 -0.00473532
23 24 6.38805 6.85303 -0.00279128
