0.705095 1 1 0.787735 -2.22429e-06
1 2 0.787735 0.604823 -6.95416e-06
2 3 0.604823 0.56198 -6.87757e-06
3 4 0.56198 0.504641 -7.09119e-06
4 5 0.504641 0.455852 -5.65136e-05
5 6 0.455852 0.42589 -5.35434e-05
6 7 0.42589 0.398486 -0.00019751
7 8 0.398486 0.346284 -0.00051017
8 9 0.346284 0.356135 -0.000930684
9 10 0.356135 0.358406 -0.000815773
10 11 0.358406 0.359532 -0.00110136
11 12 0.359532 0.356192 -0.00210011
12 13 0.356192 0.400812 -0.0028397
13 14 0.400812 0.43738 -0.0031816
14 15 0.43738 0.484782 -0.00317535
15 16 0.484782 0.531369 -0.00541073
16 17 0.531369 0.582997 -0.00614345
17 18 0.582997 0.66786 -0.00486499
18 19 0.66786 0.87754 -0.00309186
19 19.3066 0.87754 1 -0.000441822
-2.00149e-17 0.705095 1.68606 1 -5.55196e-06
19.3066 20 1 1.24662 -0.00234086
20 21 1.24662 1.3937 -0.00664423
21 22 1.3937 1.5177 -0.00446382
22 23 1.5177 1.69627 -0.00491211
23 23.4236 1.69627 2 -0.000487997
23.4236 24 2 2.62372 -2.64333e-05
