6.24403 7 1 0.919143 -0.000240677
7 8 0.919143 0.784712 -0.000987831
8 9 0.784712 0.826162 -0.00115436
9 10 0.826162 0.820226 -0.00116255
10 11 0.820226 0.82243 -0.00193415
11 12 0.82243 0.807207 -0.00251577
12 13 0.807207 0.962393 -0.00225525
13 13.4073 0.962393 1 -0.00165707
0.106301 1 2 1.41862 -7.61493e-06
1 2 1.41862 1.35685 -6.32774e-06
2 3 1.35685 1.29123 -6.68563e-06
3 4 1.29123 1.20117 -7.17779e-06
4 5 1.20117 1.10675 -7.22594e-06
5 6 1.10675 1.02715 -8.43073e-05
6 6.24403 1.02715 1 -5.89006e-05
13.4073 14 1 1.05306 -0.00172802
14 15 1.05306 1.15637 -0.00418823
15 16 1.15637 1.23693 -0.00394992
16 17 1.23693 1.3296 -0.00518495
17 18 1.3296 1.42499 -0.00590335
18 19 1.42499 1.52011 -0.00726346
19 20 1.52011 1.64429 -0.00688821
20 20.9795 1.64429 2 -0.00289385
5.49703e-19 0.106301 2.21138 2 -7.96299e-07
20.9795 21 2 2.01047 -1.77884e-05
21 22 2.01047 2.32869 -0.00211739
22 23 2.32869 2.41556 -0.00556827
23 23.9436 2.41556 3 -0.000962122
23.9436 24 3 3.11811 5.05089e-05
