1.53654 2 1 0.819199 -3.27575e-06
2 3 0.819199 0.698544 -7.31275e-06
3 4 0.698544 0.629272 -7.13957e-06
4 5 0.629272 0.57934 -7.13195e-06
5 6 0.57934 0.554441 -6.95944e-06
6 7 0.554441 0.532685 -0.000173074
7 8 0.532685 0.477218 -0.000642877
8 9 0.477218 0.4948 -0.000902544
9 10 0.4948 0.494479 -0.000939469
10 11 0.494479 0.497443 -0.00176
11 12 0.497443 0.489944 -0.00301461
12 13 0.489944 0.534495 -0.00250348
13 14 0.534495 0.566084 -0.00313297
14 15 0.566084 0.613462 -0.00407818
15 16 0.613462 0.6591 -0.0049516
16 17 0.6591 0.727854 -0.00505337
17 17.9614 0.727854 1 -0.00291274
5.95088e-18 1 1.7764 1.16985 -8.45893e-06
1 1.53654 1.16985 1 -3.87385e-06
17.9614 18 1 1.01408 -9.41699e-06
18 19 1.01408 1.25006 -0.0043673
19 20 1.25006 1.39146 -0.00683688
20 21 1.39146 1.50856 -0.00492872
21 22 1.50856 1.64939 -0.0054553
22 22.8068 1.64939 2 -0.000963473
22.8068 23 2 2.08894 -0.000482359
23 24 2.08894 2.73178 -0.00123925
