0.757385 1 4 3.83676 -2.25471e-06
1 2 3.83676 3.61113 -8.43622e-06
2 3 3.61113 3.54434 -5.2356e-05
3 4 3.54434 3.46784 -0.00020521
4 5 3.46784 3.43216 -0.000528034
5 6 3.43216 3.3842 -0.00105354
6 7 3.3842 3.3694 -0.000572345
7 8 3.3694 3.30098 -0.00159255
8 9 3.30098 3.33171 -0.00149931
9 10 3.33171 3.30903 -0.00231754
10 11 3.30903 3.33251 -0.00339939
11 12 3.33251 3.37448 -0.00276958
12 13 3.37448 3.39075 -0.00471986
13 14 3.39075 3.42437 -0.00536427
14 15 3.42437 3.46342 -0.00595931
15 16 3.46342 3.54838 -0.00429872
16 17 3.54838 3.61488 -0.00597892
17 18 3.61488 3.90959 -0.00399533
18 18.2301 3.90959 4 -0.000170168
1.57239e-17 0.757385 4.64918 4 -7.62462e-06
18.2301 19 4 4.25393 -0.00138298
19 20 4.25393 4.37552 -0.00786501
20 21 4.37552 4.50001 -0.0055692
21 22 4.50001 4.67692 -0.00477625
22 22.6764 4.67692 5 -0.00189919
22.6764 23 5 5.15472 -0.00030101
23 24 5.15472 5.73046 -0.00219584
