1.45074 2 2 1.77889 -4.42637e-06
2 3 1.77889 1.6805 -7.48987e-06
3 4 1.6805 1.6132 -7.34158e-06
4 5 1.6132 1.55591 -7.34798e-06
5 6 1.55591 1.52268 -0.00043924
6 7 1.52268 1.50186 -0.000589332
7 8 1.50186 1.46476 -0.000593589
8 9 1.46476 1.44107 -0.000975732
9 10 1.44107 1.45049 -0.00208037
10 11 1.45049 1.43897 -0.00243117
11 12 1.43897 1.4964 -0.00180862
12 13 1.4964 1.49727 -0.00366159
13 14 1.49727 1.53825 -0.00346556
14 15 1.53825 1.58209 -0.00430117
15 16 1.58209 1.63066 -0.0051313
16 17 1.63066 1.73882 -0.00594932
17 17.8314 1.73882 2 -0.00245302
3.16184e-17 1 2.7324 2.15595 -7.80285e-06
1 1.45074 2.15595 2 -3.7355e-06
17.8314 18 2 2.0628 -0.000158271
18 19 2.0628 2.28362 -0.00313503
19 20 2.28362 2.40824 -0.00586688
20 21 2.40824 2.53151 -0.00626091
21 22 2.53151 2.7182 -0.00443597
22 22.5771 2.7182 3 -0.0012246
22.5771 23 3 3.1914 -0.00100352
23 24 3.1914 3.76069 -0.00296737
