0.815271 1 6 5.88636 -9.29344e-05
1 2 5.88636 5.60544 -9.28103e-05
2 3 5.60544 5.49631 -0.000481137
3 4 5.49631 5.45706 -0.000716226
4 5 5.45706 5.39404 -0.000840382
5 6 5.39404 5.34585 -0.00167027
6 7 5.34585 5.30635 -0.00253114
7 8 5.30635 5.32213 -0.00205683
8 9 5.32213 5.30116 -0.00310518
9 10 5.30116 5.29925 -0.00266452
10 11 5.29925 5.31717 -0.00380912
11 12 5.31717 5.29698 -0.00648775
12 13 5.29698 5.36755 -0.00444523
13 14 5.36755 5.38094 -0.00630475
14 15 5.38094 5.48067 -0.00543655
15 16 5.48067 5.57906 -0.00685035
16 17 5.57906 5.81805 -0.00281086
17 17.6761 5.81805 6 -0.0024532
-1.87241e-17 0.815271 6.56665 6 -0.000668338
17.6761 18 6 6.09026 -0.00121489
18 19 6.09026 6.29688 -0.00390952
19 20 6.29688 6.39711 -0.00773358
20 21 6.39711 6.5344 -0.00604923
21 22 6.5344 6.84687 -0.00345212
22 22.3222 6.84687 7 -0.0005094
22.3222 23 7 7.24908 -0.00199139
23 24 7.24908 7.7206 -0.00230818
