0.238788 1 6 5.52762 -0.000194746
1 2 5.52762 5.44792 -0.00024311
2 3 5.44792 5.3464 -0.000400858
3 4 5.3464 5.28817 -0.000908967
4 5 5.28817 5.19458 -0.00127448
5 6 5.19458 5.11054 -0.00139554
6 7 5.11054 5.05128 -0.00165672
7 8 5.05128 5.03542 -0.00215908
8 9 5.03542 5.00878 -0.00336211
9 10 5.00878 5.00723 -0.00328173
10 11 5.00723 5.03633 -0.00423154
11 12 5.03633 5.05282 -0.0045599
12 13 5.05282 5.12799 -0.00486118
13 14 5.12799 5.19595 -0.00483986
14 15 5.19595 5.30989 -0.00557301
15 16 5.30989 5.41753 -0.00417169
16 17 5.41753 5.56285 -0.0049229
17 18 5.56285 5.62067 -0.0065769
18 19 5.62067 5.93283 -0.0033523
19 19.1742 5.93283 6 -0.000255069
-2.4064e-18 0.238788 6.32203 6 -2.66908e-06
19.1742 20 6 6.24643 -0.000984102
20 21 6.24643 6.39563 -0.00517628
21 22 6.39563 6.54178 -0.00430036
22 23 6.54178 6.82881 -0.00227576
23 23.2688 6.82881 7 -0.000497722
23.2688 24 7 7.59847 -0.000382514
