-1.96555e-18 1 0.958552 0.336011 -7.68113e-06
1 2 0.336011 0.243386 -6.26105e-06
2 3 0.243386 0.140312 -7.00098e-06
3 3.99499 0.140312 1.5024e-18 -6.67038e-06
15.6018 16 1.10022e-18 0.0705284 -0.00083466
16 17 0.0705284 0.190925 -0.00368488
17 18 0.190925 0.30078 -0.00480307
18 19 0.30078 0.399154 -0.00462008
19 20 0.399154 0.493141 -0.00583694
20 21 0.493141 0.622981 -0.00562262
21 22 0.622981 0.959232 -0.00445811
22 22.0857 0.959232 1 -0.000127274
22.0857 23 1 1.29142 -0.00410463
23 24 1.29142 1.84204 -0.0018956
