0.341015 1 5 4.57066 -6.47711e-06
1 2 4.57066 4.48488 -8.03677e-05
2 3 4.48488 4.40606 -0.000228088
3 4 4.40606 4.3399 -0.000314553
4 5 4.3399 4.2802 -0.000843495
5 6 4.2802 4.2287 -0.00137425
6 7 4.2287 4.1881 -0.00197265
7 8 4.1881 4.15387 -0.00148633
8 9 4.15387 4.12632 -0.0023942
9 10 4.12632 4.14069 -0.003617
10 11 4.14069 4.16959 -0.00313773
11 12 4.16959 4.18827 -0.00466622
12 13 4.18827 4.21227 -0.00448117
13 14 4.21227 4.26993 -0.00407274
14 15 4.26993 4.34066 -0.00489771
15 16 4.34066 4.44203 -0.00532797
16 17 4.44203 4.53951 -0.00617171
17 18 4.53951 4.67301 -0.00510933
18 18.929 4.67301 5 -0.000700728
9.00564e-18 0.341015 5.40562 5 -3.58683e-06
18.929 19 5 5.03205 -0.000108035
19 20 5.03205 5.29577 -0.00512861
20 21 5.29577 5.41645 -0.00606799
21 22 5.41645 5.54663 -0.00724222
22 23 5.54663 5.8923 -0.00240614
23 23.1627 5.8923 6 -0.000157528
23.1627 24 6 6.63694 -0.000656941
