0.326043 1 1 0.523176 -5.22707e-06
1 2 0.523176 0.449448 -6.42403e-06
2 3 0.449448 0.399909 -6.67626e-06
3 4 0.399909 0.335468 -7.082e-06
4 5 0.335468 0.274854 -6.88015e-06
5 6 0.274854 0.227181 -5.65311e-05
6 7 0.227181 0.181439 -0.000156796
7 8 0.181439 0.12065 -0.000422578
8 9 0.12065 0.111003 -0.000648177
9 10 0.111003 0.114598 -0.000852768
10 11 0.114598 0.114688 -0.00102561
11 12 0.114688 0.126424 -0.00176539
12 13 0.126424 0.183979 -0.00275836
13 14 0.183979 0.249321 -0.00215223
14 15 0.249321 0.308563 -0.00348474
15 16 0.308563 0.362306 -0.00379088
16 17 0.362306 0.420901 -0.00517103
17 18 0.420901 0.502479 -0.00573259
18 19 0.502479 0.586907 -0.00531646
19 20 0.586907 0.720446 -0.00464335
20 20.6386 0.720446 1 -0.000902114
-2.0681e-18 0.326043 1.49716 1 -2.61913e-06
20.6386 21 1 1.1766 -0.000589553
21 22 1.1766 1.37173 -0.00545624
22 23 1.37173 1.4721 -0.0067688
23 23.8159 1.4721 2 -0.00150664
23.8159 24 2 2.31284 3.91857e-05
