3.05615 4 5 4.70733 -0.00126208
4 5 4.70733 4.64867 -0.000812093
5 6 4.64867 4.61886 -0.00117285
6 7 4.61886 4.60767 -0.00128793
7 8 4.60767 4.59567 -0.00173407
8 9 4.59567 4.58111 -0.00178356
9 10 4.58111 4.58496 -0.00388357
10 11 4.58496 4.60385 -0.00435975
11 12 4.60385 4.62098 -0.00497322
12 13 4.62098 4.60668 -0.00655387
13 14 4.60668 4.65308 -0.00430084
14 15 4.65308 4.77738 -0.00357414
15 15.6347 4.77738 5 -0.00063042
2.96363e-17 1 5.72697 5.30978 -9.91941e-05
1 2 5.30978 5.19368 -0.000459049
2 3 5.19368 5.02145 -0.000437573
3 3.05615 5.02145 5 -9.08379e-05
15.6347 16 5 5.13398 -0.000422485
16 17 5.13398 5.32117 -0.0030337
17 18 5.32117 5.40412 -0.00714012
18 19 5.40412 5.4871 -0.00630003
19 20 5.4871 5.63598 -0.00496115
20 20.8943 5.63598 6 -0.00310354
20.8943 21 6 6.05774 -0.000180309
21 22 6.05774 6.35044 -0.00370451
22 23 6.35044 6.44636 -0.00743067
23 24 6.44636 6.92214 -0.00167369
