1.10337 2 2 1.67752 -6.92875e-06
2 3 1.67752 1.62487 -6.99186e-06
3 4 1.62487 1.56348 -7.05573e-06
4 5 1.56348 1.50891 -8.09161e-05
5 6 1.50891 1.47487 -0.000218449
6 7 1.47487 1.4534 -0.000168817
7 8 1.4534 1.41576 -0.000547735
8 9 1.41576 1.39143 -0.00118909
9 10 1.39143 1.39927 -0.00165491
10 11 1.39927 1.38925 -0.00194456
11 12 1.38925 1.44527 -0.00208583
12 13 1.44527 1.44828 -0.00315098
13 14 1.44828 1.48861 -0.00356078
14 15 1.48861 1.53352 -0.00363824
15 16 1.53352 1.57902 -0.00498786
16 17 1.57902 1.66138 -0.00387585
17 18 1.66138 1.85204 -0.00459963
18 18.3921 1.85204 2 -0.00145016
-7.67532e-18 1 2.70071 2.03932 -8.89901e-06
1 1.10337 2.03932 2 -9.19824e-07
18.3921 19 2 2.2159 -0.00232873
19 20 2.2159 2.36091 -0.00783331
20 21 2.36091 2.4913 -0.0076331
21 22 2.4913 2.63466 -0.00602244
22 22.8489 2.63466 3 -0.00156342
22.8489 23 3 3.07233 -0.000103831
23 24 3.07233 3.72312 -0.00102665
