4.17101 5 2 1.81132 -0.000143082
5 6 1.81132 1.74925 -0.000459305
6 7 1.74925 1.72299 -0.000535125
7 8 1.72299 1.67391 -0.000728807
8 9 1.67391 1.64966 -0.00112587
9 10 1.64966 1.66628 -0.00142715
10 11 1.66628 1.64426 -0.00199118
11 12 1.64426 1.72131 -0.00221544
12 13 1.72131 1.71364 -0.0048768
13 14 1.71364 1.77853 -0.00451012
14 15 1.77853 1.95725 -0.00264127
15 15.2346 1.95725 2 -0.00102245
-6.12852e-18 1 2.89205 2.35401 -8.7861e-06
1 2 2.35401 2.28633 -6.83688e-06
2 3 2.28633 2.17434 -7.35858e-06
3 4 2.17434 2.04505 -8.51732e-05
4 4.17101 2.04505 2 -0.000172337
15.2346 16 2 2.12345 -0.00349421
16 17 2.12345 2.2576 -0.00440458
17 18 2.2576 2.36601 -0.0063315
18 19 2.36601 2.48244 -0.0061615
19 20 2.48244 2.5863 -0.00486253
20 21 2.5863 2.87552 -0.00331959
21 21.2627 2.87552 3 -0.000729266
21.2627 22 3 3.2937 -0.00302971
22 23 3.2937 3.39849 -0.00791726
23 24 3.39849 3.92382 -0.0015045
