0.526058 1 5 4.68175 -4.46797e-06
1 2 4.68175 4.54885 -0.000135906
2 3 4.54885 4.46898 -0.000370079
3 4 4.46898 4.4073 -0.000240865
4 5 4.4073 4.35872 -0.000658112
5 6 4.35872 4.3147 -0.000632823
6 7 4.3147 4.28529 -0.00127096
7 8 4.28529 4.26381 -0.00175394
8 9 4.26381 4.24491 -0.00277568
9 10 4.24491 4.25437 -0.00407205
10 11 4.25437 4.27679 -0.00384488
11 12 4.27679 4.29327 -0.00296448
12 13 4.29327 4.30434 -0.00513086
13 14 4.30434 4.35298 -0.00451921
14 15 4.35298 4.41283 -0.00429987
15 16 4.41283 4.50817 -0.00644533
16 17 4.50817 4.60966 -0.00488098
17 18 4.60966 4.87006 -0.00364119
18 18.3505 4.87006 5 -0.00095125
3.43877e-18 0.526058 5.51116 5 -0.000204918
18.3505 19 5 5.21104 -0.00212111
19 20 5.21104 5.36661 -0.00645432
20 21 5.36661 5.47408 -0.00609452
21 22 5.47408 5.6359 -0.00560117
22 22.7468 5.6359 6 -0.00122264
22.7468 23 6 6.13427 -0.000403039
23 24 6.13427 6.68551 -0.00224334
