0.381334 1 7 6.61346 -0.000192747
1 2 6.61346 6.5084 -0.000683432
2 3 6.5084 6.42074 -0.000662886
3 4 6.42074 6.32286 -0.000721625
4 5 6.32286 6.29042 -0.000882876
5 6 6.29042 6.19983 -0.00209045
6 7 6.19983 6.18044 -0.00253157
7 8 6.18044 6.13696 -0.0034321
8 9 6.13696 6.11497 -0.0038824
9 10 6.11497 6.11791 -0.00382942
10 11 6.11791 6.14143 -0.00595089
11 12 6.14143 6.16791 -0.00459543
12 13 6.16791 6.21994 -0.00507322
13 14 6.21994 6.29997 -0.004212
14 15 6.29997 6.40779 -0.00570574
15 16 6.40779 6.48094 -0.00714027
16 17 6.48094 6.57135 -0.00706438
17 18 6.57135 6.7593 -0.00327235
18 18.5801 6.7593 7 -0.00132594
3.75057e-18 0.381334 7.41083 7 -0.000404258
18.5801 19 7 7.17948 -0.000431214
19 20 7.17948 7.31231 -0.00755871
20 21 7.31231 7.4783 -0.00411149
21 22 7.4783 7.63475 -0.00517106
22 22.8628 7.63475 8 -0.00114971
22.8628 23 8 8.06749 -0.000247798
23 24 8.06749 8.54563 -0.00311589
