0.343231 1 3 2.55224 -5.94362e-06
1 2 2.55224 2.48382 -6.64027e-06
2 3 2.48382 2.41169 -6.64823e-06
3 4 2.41169 2.35382 -5.45771e-05
4 5 2.35382 2.28088 -0.000105831
5 6 2.28088 2.21876 -0.000277048
6 7 2.21876 2.185 -0.000493411
7 8 2.185 2.14856 -0.000524311
8 9 2.14856 2.08328 -0.000625978
9 10 2.08328 2.05396 -0.00183196
10 11 2.05396 2.1206 -0.00119223
11 12 2.1206 2.1734 -0.00344529
12 13 2.1734 2.21306 -0.00340847
13 14 2.21306 2.26534 -0.00394393
14 15 2.26534 2.32701 -0.00501936
15 16 2.32701 2.38753 -0.00490093
16 17 2.38753 2.47301 -0.00532694
17 18 2.47301 2.55691 -0.00601002
18 19 2.55691 2.7208 -0.00484567
19 19.6846 2.7208 3 -0.00214728
-4.69197e-18 0.343231 3.49403 3 -3.08065e-06
19.6846 20 3 3.14631 -0.000857206
20 21 3.14631 3.35945 -0.00587674
21 22 3.35945 3.48068 -0.00725364
22 23 3.48068 3.63282 -0.00477633
23 23.5241 3.63282 4 -0.000350687
23.5241 24 4 4.5798 -2.40786e-06
