3.33165 4 2 1.834 -8.96424e-05
4 5 1.834 1.72145 -0.000196335
5 6 1.72145 1.68349 -0.000324628
6 7 1.68349 1.66043 -0.000476349
7 8 1.66043 1.61607 -0.00119501
8 9 1.61607 1.59306 -0.000951148
9 10 1.59306 1.60842 -0.000993159
10 11 1.60842 1.59015 -0.00252524
11 12 1.59015 1.65878 -0.00200346
12 13 1.65878 1.65147 -0.00344317
13 14 1.65147 1.70446 -0.00549061
14 15 1.70446 1.76291 -0.00459974
15 16 1.76291 1.98092 -0.00299816
16 16.08 1.98092 2 -0.000473814
5.51674e-18 1 2.84604 2.30966 -8.43757e-06
1 2 2.30966 2.22237 -6.45033e-06
2 3 2.22237 2.0869 -6.99066e-06
3 3.33165 2.0869 2 -2.74834e-06
16.08 17 2 2.1842 -0.00395686
17 18 2.1842 2.31301 -0.00501281
18 19 2.31301 2.43688 -0.00643369
19 20 2.43688 2.54043 -0.00680895
20 21 2.54043 2.72538 -0.00600642
21 21.5844 2.72538 3 -0.00113108
21.5844 22 3 3.20854 -0.000709061
22 23 3.20854 3.35828 -0.00682732
23 24 3.35828 3.87821 -0.00236803
