1.23194 2 1 0.719112 -6.07827e-06
2 3 0.719112 0.646389 -6.49752e-06
3 4 0.646389 0.583681 -6.64202e-06
4 5 0.583681 0.536906 -6.41288e-06
5 6 0.536906 0.512159 -7.00208e-06
6 7 0.512159 0.487833 -0.000222971
7 8 0.487833 0.433876 -0.000315298
8 9 0.433876 0.449527 -0.000924179
9 10 0.449527 0.449613 -0.00115488
10 11 0.449613 0.452852 -0.00155821
11 12 0.452852 0.445743 -0.00218255
12 13 0.445743 0.489253 -0.00265853
13 14 0.489253 0.521858 -0.00386891
14 15 0.521858 0.568918 -0.00352784
15 16 0.568918 0.614559 -0.00449183
16 17 0.614559 0.672104 -0.00373926
17 18 0.672104 0.838086 -0.00322682
18 18.4566 0.838086 1 -0.00082332
6.63319e-18 1 1.74377 1.08215 -7.77592e-06
1 1.23194 1.08215 1 -1.86934e-06
18.4566 19 1 1.18615 -0.00111403
19 20 1.18615 1.34776 -0.00546881
20 21 1.34776 1.47122 -0.00666672
21 22 1.47122 1.59477 -0.00553636
22 23 1.59477 1.94131 -0.0048989
23 23.0836 1.94131 2 -0.000179884
23.0836 24 2 2.70116 -0.000966252
