2.21148 3 6 5.69799 -0.00104344
3 4 5.69799 5.62972 -0.000971483
4 5 5.62972 5.56528 -0.000697713
5 6 5.56528 5.52231 -0.00139124
6 7 5.52231 5.48227 -0.00197074
7 8 5.48227 5.51326 -0.00237233
8 9 5.51326 5.49711 -0.00404993
9 10 5.49711 5.49467 -0.00397272
10 11 5.49467 5.51119 -0.0041273
11 12 5.51119 5.47262 -0.00487504
12 13 5.47262 5.5519 -0.00488151
13 14 5.5519 5.53842 -0.00762526
14 15 5.53842 5.65862 -0.00349575
15 16 5.65862 5.97678 -0.00331907
16 16.0931 5.97678 6 -0.000402277
-3.03663e-17 1 6.68989 6.24273 -0.00060742
1 2 6.24273 6.09932 -0.000415288
2 2.21148 6.09932 6 -2.14834e-06
16.0931 17 6 6.18389 -0.00253854
17 18 6.18389 6.32805 -0.00378858
18 19 6.32805 6.45767 -0.00553617
19 20 6.45767 6.53695 -0.00653689
20 21 6.53695 6.8791 -0.00104894
21 21.252 6.8791 7 -0.000713467
21.252 22 7 7.30816 -0.00278556
22 23 7.30816 7.38805 -0.00703597
23 24 7.38805 7.85815 -0.00217819
