0.462949 1 6 5.65201 -0.000193856
1 2 5.65201 5.52266 -0.000235217
2 3 5.52266 5.42087 -0.00069507
3 4 5.42087 5.37629 -0.000686347
4 5 5.37629 5.30479 -0.00127577
5 6 5.30479 5.24358 -0.00141037
6 7 5.24358 5.19611 -0.00132748
7 8 5.19611 5.20114 -0.00257827
8 9 5.20114 5.17861 -0.00293542
9 10 5.17861 5.17878 -0.00400685
10 11 5.17878 5.19714 -0.00476748
11 12 5.19714 5.18919 -0.00559084
12 13 5.18919 5.26174 -0.00394247
13 14 5.26174 5.29498 -0.00499697
14 15 5.29498 5.39867 -0.00464785
15 16 5.39867 5.49578 -0.00573427
16 17 5.49578 5.65124 -0.00451991
17 18 5.65124 5.79304 -0.00577783
18 18.5229 5.79304 6 -0.000579169
-1.41007e-17 0.462949 6.48161 6 -0.000304532
18.5229 19 6 6.19333 -0.00109817
19 20 6.19333 6.32619 -0.00411241
20 21 6.32619 6.46288 -0.0061353
21 22 6.46288 6.642 -0.00615151
22 22.7829 6.642 7 -0.00175186
22.7829 23 7 7.10676 -0.000724774
23 24 7.10676 7.65928 -0.00212937
