8.05493 9 4 3.96574 -0.00215213
9 10 3.96574 3.98528 -0.00210077
10 10.3623 3.98528 4 -0.000898106
0.17136 1 5 4.48832 -7.99027e-06
1 2 4.48832 4.42382 -7.16859e-06
2 3 4.42382 4.3411 -0.000277282
3 4 4.3411 4.26256 -0.000360755
4 5 4.26256 4.18557 -0.000695884
5 6 4.18557 4.11574 -0.00124035
6 7 4.11574 4.05296 -0.00148051
7 8 4.05296 4.002 -0.00153533
8 8.05493 4.002 4 -0.000227723
10.3623 11 4 4.0251 -0.00277374
11 12 4.0251 4.05422 -0.00349521
12 13 4.05422 4.09604 -0.00489718
13 14 4.09604 4.17049 -0.00488506
14 15 4.17049 4.26086 -0.00465614
15 16 4.26086 4.3727 -0.00559318
16 17 4.3727 4.47429 -0.00568411
17 18 4.47429 4.59017 -0.00394124
18 19 4.59017 4.75618 -0.00506954
19 19.5596 4.75618 5 -0.000966054
-3.49947e-19 0.17136 5.24752 5 -1.90542e-06
19.5596 20 5 5.20267 -0.000766326
20 21 5.20267 5.35689 -0.00526638
21 22 5.35689 5.48567 -0.00550822
22 23 5.48567 5.68384 -0.0047157
23 23.461 5.68384 6 -0.00064428
23.461 24 6 6.56814 -4.41339e-05
