1.44131 2 11 10.9247 -0.00105847
2 3 10.9247 10.7641 -0.0032429
3 4 10.7641 10.6428 -0.00307506
4 5 10.6428 10.5486 -0.00461209
5 6 10.5486 10.4849 -0.00371282
6 7 10.4849 10.3038 -0.00628647
7 8 10.3038 10.395 -0.00432489
8 9 10.395 10.4205 -0.00454486
9 10 10.4205 10.3626 -0.00547235
10 11 10.3626 10.3303 -0.00544504
11 12 10.3303 10.4911 -0.00259638
12 13 10.4911 10.5489 -0.00536632
13 14 10.5489 10.6312 -0.00473983
14 15 10.6312 10.7293 -0.00463966
15 16 10.7293 10.8474 -0.00349788
16 17 10.8474 10.9906 -0.00426513
17 17.0586 10.9906 11 -0.000210659
-1.73791e-18 1 11.2298 11.0506 -0.00168273
1 1.44131 11.0506 11 -0.000462371
17.0586 18 11 11.1452 -0.00501645
18 19 11.1452 11.2639 -0.00370029
19 20 11.2639 11.3815 -0.005152
20 21 11.3815 11.3422 -0.0111545
21 22 11.3422 11.3909 -0.00820213
22 23 11.3909 11.4732 -0.00616323
23 24 11.4732 11.741 -0.00452075
