0.460945 1 3 2.62564 -4.63837e-06
1 2 2.62564 2.53287 -7.29304e-06
2 3 2.53287 2.46257 -7.24734e-06
3 4 2.46257 2.40959 -7.66132e-06
4 5 2.40959 2.34221 -0.000157492
5 6 2.34221 2.28879 -0.000295304
6 7 2.28879 2.26442 -0.000243411
7 8 2.26442 2.23969 -0.000606098
8 9 2.23969 2.18282 -0.00200745
9 10 2.18282 2.15133 -0.00158284
10 11 2.15133 2.219 -0.00182498
11 12 2.219 2.25444 -0.0019597
12 13 2.25444 2.2852 -0.00373997
13 14 2.2852 2.3294 -0.00391908
14 15 2.3294 2.38494 -0.00451217
15 16 2.38494 2.44058 -0.00548858
16 17 2.44058 2.52364 -0.00410315
17 18 2.52364 2.60956 -0.00713898
18 19 2.60956 2.87197 -0.00478822
19 19.3079 2.87197 3 -0.000590742
1.92914e-17 0.460945 3.57486 3 -4.52757e-06
19.3079 20 3 3.25274 -0.00147295
20 21 3.25274 3.40998 -0.00523737
21 22 3.40998 3.52473 -0.0062562
22 23 3.52473 3.73695 -0.00505887
23 23.3701 3.73695 4 -0.000771725
23.3701 24 4 4.64965 -0.000161007
