0.287046 1 2 1.51202 -6.29698e-06
1 2 1.51202 1.44542 -6.80728e-06
2 3 1.44542 1.39293 -6.98259e-06
3 4 1.39293 1.32135 -5.73842e-05
4 5 1.32135 1.25372 -0.000158127
5 6 1.25372 1.20275 -0.000454962
6 7 1.20275 1.15779 -0.000728765
7 8 1.15779 1.09134 -0.000522637
8 9 1.09134 1.03917 -0.00115438
9 10 1.03917 1.03515 -0.00143608
10 11 1.03515 1.05575 -0.00191974
11 12 1.05575 1.11997 -0.00224616
12 13 1.11997 1.16263 -0.00217934
13 14 1.16263 1.22182 -0.00310227
14 15 1.22182 1.28962 -0.00405659
15 16 1.28962 1.34664 -0.00451089
16 17 1.34664 1.42526 -0.00596863
17 18 1.42526 1.51116 -0.00574672
18 19 1.51116 1.60834 -0.00573998
19 20 1.60834 1.84415 -0.00324999
20 20.3569 1.84415 2 -0.000272367
1.26696e-17 0.287046 2.43688 2 -2.50319e-06
20.3569 21 2 2.25524 -0.000934233
21 22 2.25524 2.41414 -0.00693413
22 23 2.41414 2.50581 -0.0068825
23 23.7281 2.50581 3 -0.000694406
23.7281 24 3 3.42182 4.25031e-05
