5.58356 6 4 3.9508 -0.000538118
6 7 3.9508 3.87352 -0.00134975
7 8 3.87352 3.71278 -0.00293256
8 9 3.71278 3.79634 -0.00136153
9 10 3.79634 3.74361 -0.0026569
10 11 3.74361 3.80159 -0.00241913
11 12 3.80159 3.88608 -0.00427262
12 13 3.88608 3.93658 -0.00419382
13 13.6134 3.93658 4 -0.00248196
2.00375e-17 1 4.9806 4.42309 -9.62909e-06
1 2 4.42309 4.36088 -0.000123782
2 3 4.36088 4.26852 -0.000128511
3 4 4.26852 4.1731 -0.000582468
4 5 4.1731 4.0649 -0.00102824
5 5.58356 4.0649 4 -0.000552265
13.6134 14 4 4.03892 -0.00148782
14 15 4.03892 4.1615 -0.00665324
15 16 4.1615 4.2934 -0.00338789
16 17 4.2934 4.41102 -0.00600317
17 18 4.41102 4.52409 -0.00783166
18 19 4.52409 4.62661 -0.00703921
19 20 4.62661 4.98291 -0.002792
20 20.0412 4.98291 5 -4.52316e-05
20.0412 21 5 5.29548 -0.00159324
21 22 5.29548 5.43422 -0.0053304
22 23 5.43422 5.56805 -0.00818121
23 23.6525 5.56805 6 -0.00124766
23.6525 24 6 6.45243 8.12657e-06
