0.582316 1 1 0.697843 -3.02193e-06
1 2 0.697843 0.562946 -6.85856e-06
2 3 0.562946 0.520186 -6.56928e-06
3 4 0.520186 0.463243 -7.16973e-06
4 5 0.463243 0.413215 -8.12965e-05
5 6 0.413215 0.380065 -7.26621e-06
6 7 0.380065 0.350268 -0.000302034
7 8 0.350268 0.297697 -0.000544297
8 9 0.297697 0.304368 -0.000593793
9 10 0.304368 0.307283 -0.000938237
10 11 0.307283 0.30938 -0.00195797
11 12 0.30938 0.309275 -0.00177532
12 13 0.309275 0.355285 -0.00283935
13 14 0.355285 0.396056 -0.00281203
14 15 0.396056 0.442031 -0.00348374
15 16 0.442031 0.487556 -0.00354107
16 17 0.487556 0.540499 -0.00629876
17 18 0.540499 0.620827 -0.00587666
18 19 0.620827 0.751792 -0.00491108
19 19.6299 0.751792 1 -0.000809389
-6.28367e-18 0.582316 1.64871 1 -4.85068e-06
19.6299 20 1 1.16083 -0.000921273
20 21 1.16083 1.35397 -0.00323211
21 22 1.35397 1.4817 -0.00441746
22 23 1.4817 1.62496 -0.00667708
23 23.5305 1.62496 2 -0.000663062
23.5305 24 2 2.56972 -1.50672e-05
