0.387495 1 8 7.61369 -0.000570285
1 2 7.61369 7.49159 -0.000959046
2 3 7.49159 7.40713 -0.000982309
3 4 7.40713 7.32976 -0.00100724
4 5 7.32976 7.20998 -0.00188013
5 6 7.20998 7.21865 -0.00293716
6 7 7.21865 7.14255 -0.00334183
7 8 7.14255 7.09561 -0.00289382
8 9 7.09561 7.08293 -0.00474382
9 10 7.08293 7.0839 -0.00517372
10 11 7.0839 7.12765 -0.00423062
11 12 7.12765 7.18136 -0.00407137
12 13 7.18136 7.21262 -0.00653933
13 14 7.21262 7.33315 -0.00386853
14 15 7.33315 7.39082 -0.0050021
15 16 7.39082 7.46739 -0.00751161
16 17 7.46739 7.5888 -0.00680936
17 18 7.5888 7.81048 -0.00436296
18 18.4646 7.81048 8 -0.00077657
1.08261e-17 0.387495 8.44382 8 -0.000405313
18.4646 19 8 8.2173 -0.00102191
19 20 8.2173 8.37904 -0.00604737
20 21 8.37904 8.45368 -0.0055388
21 22 8.45368 8.5799 -0.00807581
22 22.9205 8.5799 9 -0.00140383
22.9205 23 9 9.0504 -2.95805e-05
23 24 9.0504 9.49248 -0.0016893
