3.8053 4 10 9.96008 -0.000867028
4 5 9.96008 9.78713 -0.00435895
5 6 9.78713 9.66703 -0.00476069
6 7 9.66703 9.62777 -0.00519206
7 8 9.62777 9.62884 -0.0041917
8 9 9.62884 9.62624 -0.00503101
9 10 9.62624 9.62012 -0.00476402
10 11 9.62012 9.63077 -0.00601228
11 12 9.63077 9.71679 -0.00483643
12 13 9.71679 9.84217 -0.00421262
13 14 9.84217 9.97256 -0.00468162
14 14.174 9.97256 10 -0.00100907
2.71889e-19 1 10.4422 10.2795 -0.00135046
1 2 10.2795 10.2325 -0.00146634
2 3 10.2325 10.1461 -0.00222303
3 3.8053 10.1461 10 -0.00291838
14.174 15 10 10.1139 -0.00372093
15 16 10.1139 10.239 -0.00369453
16 17 10.239 10.248 -0.00691399
17 18 10.248 10.4361 -0.003102
18 19 10.4361 10.4843 -0.0049633
19 20 10.4843 10.5442 -0.00645565
20 21 10.5442 10.8514 -0.00231446
21 22 10.8514 10.9562 -0.00592245
22 22.4951 10.9562 11 -0.00373617
22.4951 23 11 11.0492 -0.00412835
23 24 11.0492 11.449 -0.00109202
