2.59746 3 2 1.89182 -3.01643e-06
3 4 1.89182 1.73132 -8.7667e-05
4 5 1.73132 1.66017 -7.65757e-06
5 6 1.66017 1.6257 -0.000100613
6 7 1.6257 1.60462 -0.000651836
7 8 1.60462 1.56397 -0.000651691
8 9 1.56397 1.54019 -0.00092746
9 10 1.54019 1.55313 -0.00181969
10 11 1.55313 1.5388 -0.00243394
11 12 1.5388 1.60249 -0.00222616
12 13 1.60249 1.59562 -0.00288421
13 14 1.59562 1.64192 -0.00285819
14 15 1.64192 1.69329 -0.00395993
15 16 1.69329 1.78372 -0.00567411
16 16.7408 1.78372 2 -0.00254282
7.28902e-18 1 2.80545 2.26528 -8.51372e-06
1 2 2.26528 2.15112 -7.16458e-06
2 2.59746 2.15112 2 -4.21932e-06
16.7408 17 2 2.08604 -0.000825091
17 18 2.08604 2.25687 -0.0059042
18 19 2.25687 2.39006 -0.00551624
19 20 2.39006 2.49459 -0.00606012
20 21 2.49459 2.63388 -0.00586091
21 21.8856 2.63388 3 -0.00273218
21.8856 22 3 3.06354 -1.81864e-05
22 23 3.06354 3.31634 -0.00531293
23 24 3.31634 3.83395 -0.00118921
