0.374562 1 4 3.57774 -5.79498e-06
1 2 3.57774 3.49649 -7.32043e-06
2 3 3.49649 3.4302 -7.74891e-06
3 4 3.4302 3.34843 -5.73504e-05
4 5 3.34843 3.29804 -0.000337658
5 6 3.29804 3.23542 -0.000890827
6 7 3.23542 3.19496 -0.00150947
7 8 3.19496 3.1349 -0.00135097
8 9 3.1349 3.14057 -0.00171972
9 10 3.14057 3.12859 -0.0024806
10 11 3.12859 3.1613 -0.00285801
11 12 3.1613 3.21334 -0.00238154
12 13 3.21334 3.24483 -0.00446451
13 14 3.24483 3.28652 -0.00557154
14 15 3.28652 3.33928 -0.00412457
15 16 3.33928 3.43124 -0.00498705
16 17 3.43124 3.49714 -0.00555509
17 18 3.49714 3.61753 -0.00481771
18 19 3.61753 3.90567 -0.0036047
19 19.2319 3.90567 4 -0.00101278
1.04787e-17 0.374562 4.49834 4 -3.75986e-06
19.2319 20 4 4.25481 -0.0026035
20 21 4.25481 4.39768 -0.00682132
21 22 4.39768 4.53162 -0.00655693
22 23 4.53162 4.73895 -0.00475012
23 23.3694 4.73895 5 -0.000379485
23.3694 24 5 5.63828 -7.9148e-05
