3.34344 4 8 7.85666 -0.00146286
4 5 7.85666 7.53879 -0.00388561
5 6 7.53879 7.63992 -0.00164793
6 7 7.63992 7.60067 -0.00291371
7 8 7.60067 7.57629 -0.00385939
8 9 7.57629 7.57131 -0.0036472
9 10 7.57131 7.57292 -0.00407665
10 11 7.57292 7.60226 -0.00539162
11 12 7.60226 7.61856 -0.00564575
12 13 7.61856 7.58683 -0.00841478
13 14 7.58683 7.86647 -0.00131284
14 14.7081 7.86647 8 -0.00319709
-8.95257e-18 1 8.75503 8.32345 -0.00123122
1 2 8.32345 8.25553 -0.000878968
2 3 8.25553 8.06771 -0.0020378
3 3.34344 8.06771 8 -0.000803282
14.7081 15 8 8.05137 -0.00114074
15 16 8.05137 8.21189 -0.004185
16 17 8.21189 8.29227 -0.0078969
17 18 8.29227 8.42951 -0.00540595
18 19 8.42951 8.56992 -0.00487944
19 20 8.56992 8.79279 -0.00371424
20 20.6186 8.79279 9 -0.000945128
20.6186 21 9 9.13293 -0.00132333
21 22 9.13293 9.36685 -0.00538267
22 23 9.36685 9.44363 -0.00629569
23 24 9.44363 9.66509 -0.00391579
