2.34989 3 4 3.80534 -0.000177301
3 4 3.80534 3.65678 -0.000340962
4 5 3.65678 3.62079 -0.000372002
5 6 3.62079 3.57401 -0.000747922
6 7 3.57401 3.58005 -0.000711169
7 8 3.58005 3.49258 -0.00198627
8 9 3.49258 3.54357 -0.00137239
9 10 3.54357 3.50998 -0.00336343
10 11 3.50998 3.54101 -0.00284152
11 12 3.54101 3.58674 -0.00403384
12 13 3.58674 3.58915 -0.00490171
13 14 3.58915 3.6142 -0.00554579
14 15 3.6142 3.6478 -0.00626218
15 16 3.6478 3.83441 -0.00274225
16 16.4806 3.83441 4 -0.001141
-2.38921e-17 1 4.78914 4.24973 -9.20603e-06
1 2 4.24973 4.11065 -6.16662e-05
2 2.34989 4.11065 4 -2.84292e-06
16.4806 17 4 4.17278 -0.00179392
17 18 4.17278 4.33633 -0.00393304
18 19 4.33633 4.4459 -0.00629412
19 20 4.4459 4.53355 -0.00639655
20 21 4.53355 4.75557 -0.00525243
21 21.5001 4.75557 5 -0.000534127
21.5001 22 5 5.24484 -0.000831561
22 23 5.24484 5.37178 -0.00649508
23 24 5.37178 5.88867 -0.00287513
