0.599323 1 3 2.72042 -3.48262e-06
1 2 2.72042 2.58142 -7.06884e-06
2 3 2.58142 2.51207 -6.87051e-06
3 4 2.51207 2.46178 -0.000153233
4 5 2.46178 2.39733 -7.11469e-06
5 6 2.39733 2.35069 -0.000229099
6 7 2.35069 2.33362 -0.000523992
7 8 2.33362 2.31374 -0.000984311
8 9 2.31374 2.26257 -0.00150509
9 10 2.26257 2.2304 -0.00198444
10 11 2.2304 2.29552 -0.00187554
11 12 2.29552 2.32542 -0.00275055
12 13 2.32542 2.34962 -0.00428238
13 14 2.34962 2.38763 -0.0041615
14 15 2.38763 2.43982 -0.00356484
15 16 2.43982 2.48955 -0.00463253
16 17 2.48955 2.57396 -0.00603571
17 18 2.57396 2.68171 -0.00511297
18 18.8378 2.68171 3 -0.000794819
1.89812e-17 0.599323 3.63642 3 -5.43059e-06
18.8378 19 3 3.07854 -0.000324641
19 20 3.07854 3.3165 -0.00322117
20 21 3.3165 3.45573 -0.00516518
21 22 3.45573 3.57208 -0.00626544
22 23 3.57208 3.92464 -0.00337002
23 23.1099 3.92464 4 -0.000140877
23.1099 24 4 4.6964 -0.000604507
