3.77617 4 7 6.94707 -0.000137419
4 5 6.94707 6.76883 -0.00210797
5 6 6.76883 6.63149 -0.00305723
6 7 6.63149 6.67743 -0.00202931
7 8 6.67743 6.64137 -0.00399788
8 9 6.64137 6.63302 -0.00310003
9 10 6.63302 6.63314 -0.00468675
10 11 6.63314 6.6579 -0.00382724
11 12 6.6579 6.64369 -0.00528379
12 13 6.64369 6.65245 -0.00461771
13 14 6.65245 6.92451 -0.00156829
14 14.3403 6.92451 7 -0.000550519
-1.59516e-18 1 7.75961 7.365 -0.000616962
1 2 7.365 7.28054 -0.000394316
2 3 7.28054 7.15103 -0.00113795
3 3.77617 7.15103 7 -0.00146349
14.3403 15 7 7.12414 -0.00250117
15 16 7.12414 7.24572 -0.00464516
16 17 7.24572 7.37636 -0.00514369
17 18 7.37636 7.47454 -0.00553509
18 19 7.47454 7.57942 -0.00734262
19 20 7.57942 7.99516 -0.00232732
20 20.0129 7.99516 8 -6.46496e-06
20.0129 21 8 8.27789 -0.00369009
21 22 8.27789 8.39161 -0.00772608
22 23 8.39161 8.4808 -0.00589446
23 23.9108 8.4808 9 -0.00214603
23.9108 24 9 9.11893 7.38335e-06
