3.15866 4 6 5.7812 -0.000902124
4 5 5.7812 5.66758 -0.00122999
5 6 5.66758 5.6188 -0.00153923
6 7 5.6188 5.57249 -0.00251322
7 8 5.57249 5.61055 -0.002615
8 9 5.61055 5.59157 -0.00277212
9 10 5.59157 5.59238 -0.00278341
10 11 5.59238 5.61114 -0.00421562
11 12 5.61114 5.55893 -0.00557629
12 13 5.55893 5.64941 -0.00498761
13 14 5.64941 5.62786 -0.00707117
14 15 5.62786 5.9851 -0.0012673
15 15.0642 5.9851 6 -0.000214496
2.60909e-17 1 6.75449 6.32484 -0.000248063
1 2 6.32484 6.23493 -0.000154536
2 3 6.23493 6.04757 -0.000425744
3 3.15866 6.04757 6 -0.000142292
15.0642 16 6 6.17499 -0.00378355
16 17 6.17499 6.30257 -0.00659325
17 18 6.30257 6.41515 -0.007973
18 19 6.41515 6.53438 -0.00560328
19 20 6.53438 6.65867 -0.00470636
20 20.6793 6.65867 7 -0.000889116
20.6793 21 7 7.19884 -0.000515824
21 22 7.19884 7.38767 -0.00606354
22 23 7.38767 7.45335 -0.00885704
23 24 7.45335 7.94405 -0.00172564
