0.599718 1 2 1.71592 -3.30477e-06
1 2 1.71592 1.57128 -6.8106e-06
2 3 1.57128 1.53044 -6.90743e-06
3 4 1.53044 1.46897 -7.09795e-06
4 5 1.46897 1.41458 -8.12737e-05
5 6 1.41458 1.37578 -0.000227602
6 7 1.37578 1.34963 -0.000502658
7 8 1.34963 1.30993 -0.000678342
8 9 1.30993 1.28116 -0.000831174
9 10 1.28116 1.28571 -0.00136923
10 11 1.28571 1.28312 -0.00198068
11 12 1.28312 1.33618 -0.00293256
12 13 1.33618 1.3484 -0.0030325
13 14 1.3484 1.39281 -0.00371481
14 15 1.39281 1.44059 -0.00383768
15 16 1.44059 1.48616 -0.00598816
16 17 1.48616 1.55932 -0.00483615
17 18 1.55932 1.6518 -0.00516435
18 19 1.6518 1.89195 -0.00495682
19 19.27 1.89195 2 -0.000974757
2.36622e-17 0.599718 2.62562 2 -5.23731e-06
19.27 20 2 2.24899 -0.00139466
20 21 2.24899 2.40452 -0.00420025
21 22 2.40452 2.53323 -0.00537542
22 23 2.53323 2.7278 -0.00650815
23 23.3748 2.7278 3 -0.000379548
23.3748 24 3 3.64785 -0.000108099
