2.57241 3 1 0.891238 -3.42613e-06
3 4 0.891238 0.734143 -7.43189e-06
4 5 0.734143 0.673376 -8.17208e-05
5 6 0.673376 0.648438 -0.000217644
6 7 0.648438 0.625855 -0.000294487
7 8 0.625855 0.565589 -0.00037158
8 9 0.565589 0.589973 -0.00035991
9 10 0.589973 0.586303 -0.00088939
10 11 0.586303 0.588177 -0.00227694
11 12 0.588177 0.577523 -0.00205278
12 13 0.577523 0.628945 -0.00205989
13 14 0.628945 0.661244 -0.00418755
14 15 0.661244 0.71249 -0.00499428
15 16 0.71249 0.778446 -0.00444343
16 16.9239 0.778446 1 -0.00366407
-6.2502e-18 1 1.84593 1.26305 -8.05914e-06
1 2 1.26305 1.13546 -6.57013e-06
2 2.57241 1.13546 1 -4.06029e-06
16.9239 17 1 1.02206 -0.000442254
17 18 1.02206 1.22428 -0.00289864
18 19 1.22428 1.35158 -0.00604229
19 20 1.35158 1.47399 -0.00530937
20 21 1.47399 1.58838 -0.00658741
21 22 1.58838 1.85145 -0.0035036
22 22.3018 1.85145 2 -0.000478399
22.3018 23 2 2.25848 -0.00225713
23 24 2.25848 2.7993 -0.00244986
