0.790614 1 7 6.8749 -9.7206e-05
1 2 6.8749 6.6017 -0.00040727
2 3 6.6017 6.51432 -0.00095693
3 4 6.51432 6.41845 -0.000732491
4 5 6.41845 6.40528 -0.0012722
5 6 6.40528 6.31714 -0.00163307
6 7 6.31714 6.32143 -0.00250609
7 8 6.32143 6.28572 -0.00290267
8 9 6.28572 6.27356 -0.00376432
9 10 6.27356 6.27612 -0.00431616
10 11 6.27612 6.29529 -0.00425013
11 12 6.29529 6.30766 -0.00495442
12 13 6.30766 6.33803 -0.00556047
13 14 6.33803 6.40394 -0.00417435
14 15 6.40394 6.5057 -0.00555827
15 16 6.5057 6.57153 -0.00695582
16 17 6.57153 6.73817 -0.00382234
17 17.6772 6.73817 7 -0.00135789
-8.77647e-18 0.790614 7.53189 7 -0.000664755
17.6772 18 7 7.13766 -0.000648711
18 19 7.13766 7.29793 -0.005375
19 20 7.29793 7.39502 -0.006157
20 21 7.39502 7.56735 -0.00669528
21 22 7.56735 7.89523 -0.00189646
22 22.2516 7.89523 8 -0.000599224
22.2516 23 8 8.23618 -0.00314836
23 24 8.23618 8.60389 -0.00293909
