1.59138 2 10 9.92246 -0.001105
2 3 9.92246 9.66512 -0.00286297
3 4 9.66512 9.43373 -0.00365721
4 5 9.43373 9.48205 -0.00218953
5 6 9.48205 9.41881 -0.0032604
6 7 9.41881 9.38887 -0.00412328
7 8 9.38887 9.38238 -0.00467069
8 9 9.38238 9.37968 -0.00422903
9 10 9.37968 9.37739 -0.00480614
10 11 9.37739 9.39163 -0.00553047
11 12 9.39163 9.44589 -0.00582824
12 13 9.44589 9.51293 -0.00472538
13 14 9.51293 9.43285 -0.00913795
14 15 9.43285 9.6331 -0.00503857
15 16 9.6331 9.86568 -0.00279973
16 16.8077 9.86568 10 -0.00440434
2.47644e-17 1 10.3417 10.0823 -0.0016063
1 1.59138 10.0823 10 -0.000731397
16.8077 17 10 10.0251 -0.00134793
17 18 10.0251 10.2183 -0.00251265
18 19 10.2183 10.3381 -0.0066957
19 20 10.3381 10.3902 -0.00862368
20 21 10.3902 10.5922 -0.00542077
21 22 10.5922 10.6117 -0.00815774
22 23 10.6117 10.6614 -0.00832827
23 23.7749 10.6614 11 -0.0019297
23.7749 24 11 11.2301 -2.15329e-05
