5.12228 6 2 1.84787 -0.000377273
6 7 1.84787 1.80196 -0.000466227
7 8 1.80196 1.74173 -0.00129549
8 9 1.74173 1.71449 -0.000985673
9 10 1.71449 1.73404 -0.00118069
10 11 1.73404 1.70801 -0.00265209
11 12 1.70801 1.79692 -0.00259815
12 13 1.79692 1.79221 -0.00358202
13 14 1.79221 1.9784 -0.00297795
14 14.1695 1.9784 2 -0.000511224
0.0184317 1 3 2.39453 -8.23486e-06
1 2 2.39453 2.34224 -6.42313e-06
2 3 2.34224 2.24891 -7.57484e-06
3 4 2.24891 2.15032 -5.9476e-05
4 5 2.15032 2.02358 -0.000242604
5 5.12228 2.02358 2 -8.99989e-07
14.1695 15 2 2.09642 -0.00300404
15 16 2.09642 2.20578 -0.00448656
16 17 2.20578 2.31744 -0.00424116
17 18 2.31744 2.4135 -0.00460121
18 19 2.4135 2.53037 -0.00484316
19 20 2.53037 2.65352 -0.00782698
20 20.8295 2.65352 3 -0.000645505
3.04119e-19 0.0184317 3.04399 3 -1.87446e-07
20.8295 21 3 3.09324 -0.000457573
21 22 3.09324 3.34642 -0.00347169
22 23 3.34642 3.44391 -0.00864222
23 23.9194 3.44391 4 -0.0012886
23.9194 24 4 4.15845 0.000112301
