0.898278 1 1 0.928818 -8.17303e-07
1 2 0.928818 0.651879 -7.41761e-06
2 3 0.651879 0.603203 -7.00614e-06
3 4 0.603203 0.544065 -6.27886e-06
4 5 0.544065 0.497592 -7.08236e-06
5 6 0.497592 0.469843 -7.25366e-06
6 7 0.469843 0.443292 -0.000272887
7 8 0.443292 0.391265 -0.000568566
8 9 0.391265 0.403858 -0.000334854
9 10 0.403858 0.404574 -0.00125974
10 11 0.404574 0.406681 -0.00177948
11 12 0.406681 0.400392 -0.00237842
12 13 0.400392 0.445589 -0.00197962
13 14 0.445589 0.478903 -0.00299583
14 15 0.478903 0.525106 -0.00287041
15 16 0.525106 0.572233 -0.00458221
16 17 0.572233 0.625267 -0.00459065
17 18 0.625267 0.733341 -0.00431102
18 18.8143 0.733341 1 -0.00278704
1.60738e-17 0.898278 1.71588 1 -6.92444e-06
18.8143 19 1 1.07299 -0.000214937
19 20 1.07299 1.30065 -0.00380344
20 21 1.30065 1.43342 -0.00555144
21 22 1.43342 1.55474 -0.00555668
22 23 1.55474 1.80092 -0.00592907
23 23.2784 1.80092 2 -0.000226608
23.2784 24 2 2.66718 -0.000196111
