2.04218 3 2 1.75198 -7.8115e-06
3 4 1.75198 1.66644 -7.34626e-06
4 5 1.66644 1.60637 -5.68654e-05
5 6 1.60637 1.57403 -0.000385852
6 7 1.57403 1.55285 -0.000337217
7 8 1.55285 1.51442 -0.000815274
8 9 1.51442 1.49057 -0.000794517
9 10 1.49057 1.50236 -0.00161561
10 11 1.50236 1.48976 -0.00168312
11 12 1.48976 1.55083 -0.00222944
12 13 1.55083 1.54746 -0.00376535
13 14 1.54746 1.58891 -0.00392623
14 15 1.58891 1.63375 -0.00451623
15 16 1.63375 1.68907 -0.00557478
16 17 1.68907 1.87735 -0.00557201
17 17.3731 1.87735 2 -0.000487564
2.55184e-17 1 2.76715 2.21446 -8.16876e-06
1 2 2.21446 2.0136 -7.68821e-06
2 2.04218 2.0136 2 -3.99839e-07
17.3731 18 2 2.18757 -0.00090847
18 19 2.18757 2.33878 -0.00473742
19 20 2.33878 2.45095 -0.00652884
20 21 2.45095 2.5769 -0.00643941
21 22 2.5769 2.86017 -0.00293446
22 22.2826 2.86017 3 -0.000574254
22.2826 23 3 3.26758 -0.00115916
23 24 3.26758 3.7977 -0.00267403
