6.17703 7 3 2.92372 -0.000821257
7 8 2.92372 2.86961 -0.00166008
8 9 2.86961 2.7818 -0.00171569
9 10 2.7818 2.71664 -0.00271426
10 11 2.71664 2.86909 -0.00134868
11 12 2.86909 2.9541 -0.00234657
12 12.6156 2.9541 3 -0.00231168
0.113058 1 4 3.44384 -8.2962e-06
1 2 3.44384 3.38962 -6.75444e-06
2 3 3.38962 3.30606 -0.000129559
3 4 3.30606 3.20593 -0.000238558
4 5 3.20593 3.11789 -0.000661162
5 6 3.11789 3.01652 -0.000896905
6 6.17703 3.01652 3 -0.000286405
12.6156 13 3 3.02823 -0.00200552
13 14 3.02823 3.10126 -0.00404181
14 15 3.10126 3.19308 -0.0046179
15 16 3.19308 3.30536 -0.00445235
16 17 3.30536 3.38693 -0.00581914
17 18 3.38693 3.50023 -0.00626681
18 19 3.50023 3.62012 -0.00629721
19 20 3.62012 3.93696 -0.0025095
20 20.154 3.93696 4 -0.000154269
1.6272e-18 0.113058 4.2148 4 -1.04931e-06
20.154 21 4 4.27618 -0.00159957
21 22 4.27618 4.43154 -0.00589221
22 23 4.43154 4.5383 -0.00726856
23 23.6968 4.5383 5 -0.00120595
23.6968 24 5 5.43816 2.62702e-05
