1.16366 2 4 3.69739 -0.000273607
2 3 3.69739 3.60795 -0.000201234
3 4 3.60795 3.52775 -0.000447394
4 5 3.52775 3.49319 -0.000719413
5 6 3.49319 3.44678 -0.00058297
6 7 3.44678 3.4395 -0.00110903
7 8 3.4395 3.36573 -0.00178393
8 9 3.36573 3.40403 -0.00168297
9 10 3.40403 3.38042 -0.00323214
10 11 3.38042 3.40484 -0.00337603
11 12 3.40484 3.44464 -0.00375688
12 13 3.44464 3.45728 -0.00536032
13 14 3.45728 3.48606 -0.00391239
14 15 3.48606 3.52021 -0.0047524
15 16 3.52021 3.6104 -0.00425295
16 17 3.6104 3.71953 -0.00425696
17 17.683 3.71953 4 -0.00109768
-8.96138e-18 1 4.69198 4.05988 -8.94039e-06
1 1.16366 4.05988 4 -1.28602e-06
17.683 18 4 4.15153 -0.000383117
18 19 4.15153 4.32527 -0.00534214
19 20 4.32527 4.42903 -0.00605716
20 21 4.42903 4.55425 -0.00639299
21 22 4.55425 4.8249 -0.00227822
22 22.3503 4.8249 5 -0.000895277
22.3503 23 5 5.25788 -0.00091155
23 24 5.25788 5.78067 -0.00257689
