0.401226 1 1 0.570686 -4.5535e-06
1 2 0.570686 0.48469 -6.13376e-06
2 3 0.48469 0.440631 -6.33898e-06
3 4 0.440631 0.37957 -7.10393e-06
4 5 0.37957 0.323087 -6.6393e-06
5 6 0.323087 0.283428 -5.41891e-05
6 7 0.283428 0.245256 -0.000349706
7 8 0.245256 0.187413 -0.00044256
8 9 0.187413 0.18366 -0.000822424
9 10 0.18366 0.188418 -0.00124329
10 11 0.188418 0.190198 -0.00117246
11 12 0.190198 0.194408 -0.00252368
12 13 0.194408 0.247624 -0.00184345
13 14 0.247624 0.303665 -0.00264156
14 15 0.303665 0.355999 -0.00300333
15 16 0.355999 0.405873 -0.00490329
16 17 0.405873 0.461212 -0.00592984
17 18 0.461212 0.541011 -0.00485925
18 19 0.541011 0.627757 -0.00561069
19 20 0.627757 0.815127 -0.00387929
20 20.3999 0.815127 1 -0.000983506
1.12055e-17 0.401226 1.55547 1 -3.21847e-06
20.3999 21 1 1.25957 -0.00174973
21 22 1.25957 1.40783 -0.00593929
22 23 1.40783 1.51488 -0.00648756
23 23.72 1.51488 2 -0.000646196
23.72 24 2 2.42294 4.60941e-05
