0.276629 1 10 9.6272 -0.00255759
1 2 9.6272 9.47847 -0.00246023
2 3 9.47847 9.43949 -0.00139444
3 4 9.43949 9.28064 -0.00280322
4 5 9.28064 9.27958 -0.00258435
5 6 9.27958 9.18812 -0.00432715
6 7 9.18812 9.13434 -0.00359628
7 8 9.13434 9.11565 -0.00461184
8 9 9.11565 9.11471 -0.00621516
9 10 9.11471 9.11838 -0.00323355
10 11 9.11838 9.14755 -0.00367771
11 12 9.14755 9.21582 -0.00566594
12 13 9.21582 9.30691 -0.00512446
13 14 9.30691 9.27566 -0.00727739
14 15 9.27566 9.41409 -0.00385341
15 16 9.41409 9.51721 -0.0056267
16 17 9.51721 9.49669 -0.0070654
17 18 9.49669 9.84335 -0.00303941
18 18.5727 9.84335 10 -0.00225515
-1.41012e-18 0.276629 10.1947 10 -0.000848456
18.5727 19 10 10.1206 -0.000985601
19 20 10.1206 10.2343 -0.0052926
20 21 10.2343 10.4313 -0.00367221
21 22 10.4313 10.4957 -0.00542858
22 23 10.4957 10.4714 -0.00829071
23 24 10.4714 10.607 -0.00576822
