1.67972 2 3 2.88353 -2.85976e-06
2 3 2.88353 2.67222 -7.15868e-05
3 4 2.67222 2.62039 -7.99531e-05
4 5 2.62039 2.55843 -0.000202245
5 6 2.55843 2.51741 -0.000220272
6 7 2.51741 2.51164 -0.00074298
7 8 2.51164 2.4966 -0.00155762
8 9 2.4966 2.4505 -0.00148548
9 10 2.4505 2.41422 -0.00222627
10 11 2.41422 2.4917 -0.00233135
11 12 2.4917 2.50658 -0.00332196
12 13 2.50658 2.51694 -0.00395115
13 14 2.51694 2.55272 -0.00432801
14 15 2.55272 2.60307 -0.00502749
15 16 2.60307 2.6538 -0.00578687
16 17 2.6538 2.82918 -0.00409648
17 17.472 2.82918 3 -0.00101969
-1.05764e-17 1 3.76764 3.18367 -9.05214e-06
1 1.67972 3.18367 3 -5.59417e-06
17.472 18 3 3.18661 -0.00171769
18 19 3.18661 3.3475 -0.00623677
19 20 3.3475 3.47115 -0.00470386
20 21 3.47115 3.60337 -0.00627826
21 22 3.60337 3.96341 -0.00279088
22 22.0779 3.96341 4 -9.70209e-05
22.0779 23 4 4.2863 -0.00405077
23 24 4.2863 4.82191 -0.00169478
