4.93713 5 3 2.99126 -5.08419e-07
5 6 2.99126 2.77976 -0.000769192
6 7 2.77976 2.78174 -0.000568689
7 8 2.78174 2.76586 -0.00151285
8 9 2.76586 2.69843 -0.00132396
9 10 2.69843 2.6431 -0.00241814
10 11 2.6431 2.75905 -0.00177217
11 12 2.75905 2.77634 -0.00402231
12 13 2.77634 2.79706 -0.00467321
13 14 2.79706 2.96151 -0.00307783
14 14.2671 2.96151 3 -0.00103912
-9.46675e-18 1 3.9769 3.39186 -9.20652e-06
1 2 3.39186 3.33475 -6.91881e-06
2 3 3.33475 3.23375 -8.30623e-05
3 4 3.23375 3.11171 -7.69829e-06
4 4.93713 3.11171 3 -0.000531807
14.2671 15 3 3.09396 -0.00242423
15 16 3.09396 3.22942 -0.00278608
16 17 3.22942 3.32673 -0.00538667
17 18 3.32673 3.44559 -0.00614623
18 19 3.44559 3.56043 -0.00612383
19 20 3.56043 3.73079 -0.00489037
20 20.6093 3.73079 4 -0.000597428
20.6093 21 4 4.18629 -0.000556467
21 22 4.18629 4.38164 -0.00458489
22 23 4.38164 4.47308 -0.00720906
23 23.8478 4.47308 5 -0.000796195
23.8478 24 5 5.26414 8.51691e-05
