5.03923 6 8 7.89624 -0.00242262
6 7 7.89624 7.80376 -0.00292514
7 8 7.80376 7.76208 -0.00463083
8 9 7.76208 7.7501 -0.00280907
9 10 7.7501 7.75567 -0.00419679
10 11 7.75567 7.81098 -0.00468207
11 12 7.81098 7.91885 -0.00367816
12 12.7733 7.91885 8 -0.00337898
-2.92067e-17 1 8.87794 8.42764 -0.00141752
1 2 8.42764 8.39735 -0.000721569
2 3 8.39735 8.25449 -0.00147527
3 4 8.25449 8.15361 -0.00176212
4 5 8.15361 8.00369 -0.00248489
5 5.03923 8.00369 8 -0.000169281
12.7733 13 8 8.01786 -0.00120318
13 14 8.01786 8.17317 -0.00295924
14 15 8.17317 8.25663 -0.0048909
15 16 8.25663 8.371 -0.00595994
16 17 8.371 8.40265 -0.00794098
17 18 8.40265 8.54985 -0.00362056
18 19 8.54985 8.85839 -0.00214565
19 19.4582 8.85839 9 -0.00117167
19.4582 20 9 9.11843 -0.00301331
20 21 9.11843 9.28386 -0.00384226
21 22 9.28386 9.46951 -0.00517588
22 23 9.46951 9.55494 -0.00664076
23 23.9008 9.55494 10 -0.00133394
23.9008 24 10 10.101 -1.03183e-06
