7.78046 8 1 0.981462 -0.000522282
8 9 0.981462 0.923978 -0.00084122
9 10 0.923978 0.914414 -0.00113646
10 11 0.914414 0.939362 -0.00183497
11 11.8197 0.939362 1 -0.00220262
0.19561 1 2 1.46213 -6.45022e-06
1 2 1.46213 1.40273 -7.04444e-06
2 3 1.40273 1.34383 -7.15541e-06
3 4 1.34383 1.26331 -6.9188e-06
4 5 1.26331 1.18459 -5.89384e-05
5 6 1.18459 1.12347 -5.77158e-05
6 7 1.12347 1.06347 -0.00028683
7 7.78046 1.06347 1 -0.00060707
11.8197 12 1 1.0144 -0.000540223
12 13 1.0144 1.07763 -0.00223855
13 14 1.07763 1.1463 -0.00208075
14 15 1.1463 1.22804 -0.00353257
15 16 1.22804 1.29363 -0.00511136
16 17 1.29363 1.37677 -0.00596164
17 18 1.37677 1.46628 -0.00465093
18 19 1.46628 1.56162 -0.00622527
19 20 1.56162 1.71975 -0.0042171
20 20.6628 1.71975 2 -0.00141388
4.22788e-18 0.19561 2.33869 2 -1.71677e-06
20.6628 21 2 2.16132 -0.00088089
21 22 2.16132 2.37387 -0.00391033
22 23 2.37387 2.45883 -0.00937767
23 23.8327 2.45883 3 -0.00103742
23.8327 24 3 3.29684 0.0001336
