0.37771 1 2 1.56728 -5.27531e-06
1 2 1.56728 1.48763 -6.72991e-06
2 3 1.48763 1.4418 -7.17973e-06
3 4 1.4418 1.3739 -7.731e-06
4 5 1.3739 1.31166 -5.64997e-05
5 6 1.31166 1.26692 -0.000180385
6 7 1.26692 1.2285 -0.000514264
7 8 1.2285 1.1757 -0.000485325
8 9 1.1757 1.13658 -0.00141118
9 10 1.13658 1.13927 -0.001259
10 11 1.13927 1.14836 -0.00172519
11 12 1.14836 1.20463 -0.00176974
12 13 1.20463 1.23399 -0.00355783
13 14 1.23399 1.2838 -0.00382132
14 15 1.2838 1.34107 -0.00343266
15 16 1.34107 1.39489 -0.00534262
16 17 1.39489 1.47101 -0.00590661
17 18 1.47101 1.55533 -0.00697434
18 19 1.55533 1.65904 -0.00637075
19 20 1.65904 1.99476 -0.00458519
20 20.0124 1.99476 2 -4.96813e-08
-1.59908e-17 0.37771 2.51032 2 -3.0883e-06
20.0124 21 2 2.31149 -0.00172332
21 22 2.31149 2.45399 -0.00672444
22 23 2.45399 2.56276 -0.00815098
23 23.6222 2.56276 3 -0.000532195
23.6222 24 3 3.51705 3.2325e-05
