5.35203 6 5 4.91541 -0.00116783
6 7 4.91541 4.84364 -0.00172582
7 8 4.84364 4.82268 -0.00192816
8 9 4.82268 4.80173 -0.00282005
9 10 4.80173 4.80072 -0.00302469
10 11 4.80072 4.82915 -0.00421105
11 12 4.82915 4.85986 -0.00520854
12 13 4.85986 4.9367 -0.00435587
13 13.4513 4.9367 5 -0.0015912
0.0256635 1 6 5.4431 -0.000281444
1 2 5.4431 5.37277 -5.23164e-05
2 3 5.37277 5.26292 -0.00035279
3 4 5.26292 5.17696 -0.00109627
4 5 5.17696 5.04523 -0.00113007
5 5.35203 5.04523 5 -0.00042829
13.4513 14 5 5.06624 -0.00236129
14 15 5.06624 5.20946 -0.00421314
15 16 5.20946 5.33908 -0.00502659
16 17 5.33908 5.48406 -0.00501032
17 18 5.48406 5.5389 -0.00592289
18 19 5.5389 5.66003 -0.0065856
19 19.7829 5.66003 6 -0.00225316
5.95141e-19 0.0256635 6.04517 6 -3.69831e-07
19.7829 20 6 6.11199 -0.000365139
20 21 6.11199 6.32622 -0.0040351
21 22 6.32622 6.47568 -0.00597257
22 23 6.47568 6.63857 -0.00548071
23 23.5622 6.63857 7 -0.000893431
23.5622 24 7 7.49488 -1.502e-05
