1.41766 2 6 5.77004 -0.000185048
2 3 5.77004 5.57739 -0.000727464
3 4 5.57739 5.54172 -0.000738131
4 5 5.54172 5.48082 -0.000779845
5 6 5.48082 5.43422 -0.00203114
6 7 5.43422 5.39515 -0.00170522
7 8 5.39515 5.42017 -0.00265081
8 9 5.42017 5.40439 -0.00313952
9 10 5.40439 5.40324 -0.00280084
10 11 5.40324 5.42067 -0.00476123
11 12 5.42067 5.38975 -0.00514706
12 13 5.38975 5.45822 -0.0048493
13 14 5.45822 5.45732 -0.005867
14 15 5.45732 5.56139 -0.00509352
15 16 5.56139 5.67175 -0.00678909
16 16.9995 5.67175 6 -0.00332705
1.52133e-17 1 6.62732 6.14546 -0.000370023
1 1.41766 6.14546 6 -0.00048906
16.9995 17 6 6.00023 0
17 18 6.00023 6.22436 -0.00275489
18 19 6.22436 6.38041 -0.00491024
19 20 6.38041 6.46484 -0.00586992
20 21 6.46484 6.64997 -0.00503941
21 21.7344 6.64997 7 -0.00219513
21.7344 22 7 7.15976 -0.000478488
22 23 7.15976 7.3228 -0.00479956
23 24 7.3228 7.7855 -0.0011611
