1.39021 2 5 4.75422 -0.000334919
2 3 4.75422 4.59906 -0.000478304
3 4 4.59906 4.53964 -0.000414979
4 5 4.53964 4.49989 -0.000425645
5 6 4.49989 4.46682 -0.00117906
6 7 4.46682 4.45076 -0.0014807
7 8 4.45076 4.43849 -0.00217732
8 9 4.43849 4.42083 -0.00191472
9 10 4.42083 4.4225 -0.00259238
10 11 4.4225 4.44316 -0.00327573
11 12 4.44316 4.45851 -0.00498928
12 13 4.45851 4.45498 -0.00597847
13 14 4.45498 4.4973 -0.00421688
14 15 4.4973 4.55102 -0.00494026
15 16 4.55102 4.66145 -0.00431562
16 17 4.66145 4.9985 -0.00217269
17 17.0045 4.9985 5 -2.98026e-08
-9.75962e-19 1 5.62655 5.1444 -9.37411e-06
1 1.39021 5.1444 5 -9.2084e-05
17.0045 18 5 5.25327 -0.00231298
18 19 5.25327 5.36454 -0.00673761
19 20 5.36454 5.49055 -0.00463285
20 21 5.49055 5.62212 -0.00510095
21 21.8346 5.62212 6 -0.0017425
21.8346 22 6 6.10207 -0.000410955
22 23 6.10207 6.32718 -0.00638139
23 24 6.32718 6.78982 -0.000884121
