1.52012 2 7 6.82241 -0.000471231
2 3 6.82241 6.61224 -0.000697819
3 4 6.61224 6.50709 -0.000952949
4 5 6.50709 6.51047 -0.00145414
5 6 6.51047 6.42231 -0.00225465
6 7 6.42231 6.43972 -0.00146106
7 8 6.43972 6.40368 -0.00275871
8 9 6.40368 6.39369 -0.00323622
9 10 6.39369 6.3961 -0.00392972
10 11 6.3961 6.41829 -0.0048004
11 12 6.41829 6.41949 -0.00519804
12 13 6.41949 6.4368 -0.00499695
13 14 6.4368 6.50197 -0.00486411
14 15 6.50197 6.60695 -0.00411471
15 16 6.60695 6.72542 -0.00569529
16 16.7488 6.72542 7 -0.00093122
-1.37718e-17 1 7.60807 7.15729 -0.000907086
1 1.52012 7.15729 7 -0.000344234
16.7488 17 7 7.10791 -0.000522992
17 18 7.10791 7.2729 -0.00397436
18 19 7.2729 7.39091 -0.00614562
19 20 7.39091 7.47534 -0.00618625
20 21 7.47534 7.74703 -0.00479859
21 21.5633 7.74703 8 -0.000758046
21.5633 22 8 8.20436 -0.00109961
22 23 8.20436 8.31778 -0.00644316
23 24 8.31778 8.6583 -0.00183545
