4.11002 5 1 0.801782 -6.52856e-06
5 6 0.801782 0.759184 -5.51195e-05
6 7 0.759184 0.735458 -0.000539755
7 8 0.735458 0.662741 -0.000885153
8 9 0.662741 0.694318 -0.000846842
9 10 0.694318 0.687922 -0.00125383
10 11 0.687922 0.688416 -0.00162164
11 12 0.688416 0.673086 -0.00181241
12 13 0.673086 0.736864 -0.00257013
13 14 0.736864 0.780941 -0.00358416
14 15 0.780941 0.89675 -0.00325206
15 15.5391 0.89675 1 -0.00172252
-6.17163e-18 1 1.92214 1.34167 -7.67676e-06
1 2 1.34167 1.26199 -6.29459e-06
2 3 1.26199 1.1657 -7.0078e-06
3 4 1.1657 1.02905 -7.59433e-06
4 4.11002 1.02905 1 -8.79603e-07
15.5391 16 1 1.08693 -0.00140776
16 17 1.08693 1.21452 -0.00419903
17 18 1.21452 1.33298 -0.00614863
18 19 1.33298 1.43758 -0.00609744
19 20 1.43758 1.55261 -0.00654674
20 21 1.55261 1.70831 -0.00647482
21 21.6374 1.70831 2 -0.000609161
21.6374 22 2 2.18768 -0.000481202
22 23 2.18768 2.34161 -0.00564186
23 24 2.34161 2.87345 -0.00306086
