2.3024 3 3 2.77766 -5.98871e-06
3 4 2.77766 2.68517 -5.89795e-05
4 5 2.68517 2.61527 -0.000181342
5 6 2.61527 2.56906 -0.000465896
6 7 2.56906 2.56615 -0.000525232
7 8 2.56615 2.55264 -0.000918847
8 9 2.55264 2.50802 -0.00169563
9 10 2.50802 2.47071 -0.00210257
10 11 2.47071 2.55256 -0.00231991
11 12 2.55256 2.5644 -0.00332729
12 13 2.5644 2.5719 -0.00329292
13 14 2.5719 2.60916 -0.00459209
14 15 2.60916 2.66497 -0.00436747
15 16 2.66497 2.74239 -0.00601139
16 16.8201 2.74239 3 -0.00167651
-2.11596e-17 1 3.81577 3.24515 -9.56357e-06
1 2 3.24515 3.10672 -7.36811e-06
2 2.3024 3.10672 3 -2.61984e-06
16.8201 17 3 3.06543 -0.000392648
17 18 3.06543 3.2636 -0.00382992
18 19 3.2636 3.40275 -0.00464209
19 20 3.40275 3.5207 -0.00724388
20 21 3.5207 3.68343 -0.00518
21 21.71 3.68343 4 -0.00207679
21.71 22 4 4.15535 -0.00061026
22 23 4.15535 4.33386 -0.00398954
23 24 4.33386 4.87218 -0.00128901
