4.20689 5 4 3.8288 -0.000964002
5 6 3.8288 3.73175 -0.00107814
6 7 3.73175 3.75171 -0.00074031
7 8 3.75171 3.63019 -0.00242982
8 9 3.63019 3.70194 -0.0010423
9 10 3.70194 3.65379 -0.00350088
10 11 3.65379 3.69464 -0.00319276
11 12 3.69464 3.75434 -0.00398603
12 13 3.75434 3.74915 -0.00570596
13 14 3.74915 3.80688 -0.00428367
14 14.8419 3.80688 4 -0.00262507
-2.19264e-17 1 4.90632 4.36576 -9.39646e-06
1 2 4.36576 4.29245 -6.88082e-06
2 3 4.29245 4.18055 -8.24179e-05
3 4 4.18055 4.04828 -0.000351809
4 4.20689 4.04828 4 -0.000233136
14.8419 15 4 4.04015 -0.000217292
15 16 4.04015 4.2062 -0.00502379
16 17 4.2062 4.34222 -0.00396924
17 18 4.34222 4.46251 -0.00501584
18 19 4.46251 4.55959 -0.0077967
19 20 4.55959 4.70955 -0.00663038
20 20.6007 4.70955 5 -0.00120571
20.6007 21 5 5.20902 -0.000207338
21 22 5.20902 5.37898 -0.00478908
22 23 5.37898 5.48561 -0.00833965
23 23.831 5.48561 6 -0.00139968
23.831 24 6 6.27028 3.33009e-05
