0.0406416 1 1 0.370063 -7.43051e-06
1 2 0.370063 0.291636 -6.4645e-06
2 3 0.291636 0.203084 -6.72102e-06
3 4 0.203084 0.0974686 -6.36397e-06
4 4.80324 0.0974686 2.1415e-19 -5.74181e-06
14.77 15 8.1795e-19 0.0367459 -0.000364429
15 16 0.0367459 0.145921 -0.00385041
16 17 0.145921 0.245433 -0.00361084
17 18 0.245433 0.345016 -0.00445947
18 19 0.345016 0.436897 -0.00603586
19 20 0.436897 0.528935 -0.00521462
20 21 0.528935 0.677708 -0.00482939
21 21.7808 0.677708 1 -0.0008511
-1.95314e-19 0.0406416 1.09867 1 -3.09969e-07
21.7808 22 1 1.11186 -0.000336407
22 23 1.11186 1.32771 -0.00485225
23 24 1.32771 1.87723 -0.00301065
