0.869734 1 5 4.91709 -1.372e-06
1 2 4.91709 4.62173 -0.000389561
2 3 4.62173 4.53142 -0.00012852
3 4 4.53142 4.4718 -0.000476564
4 5 4.4718 4.4286 -0.00132459
5 6 4.4286 4.39179 -0.000755907
6 7 4.39179 4.3727 -0.001266
7 8 4.3727 4.35731 -0.00207606
8 9 4.35731 4.33925 -0.0026349
9 10 4.33925 4.3437 -0.00333746
10 11 4.3437 4.36353 -0.00351525
11 12 4.36353 4.37892 -0.00428897
12 13 4.37892 4.38341 -0.00583951
13 14 4.38341 4.42857 -0.00474934
14 15 4.42857 4.48236 -0.00582106
15 16 4.48236 4.5789 -0.00714705
16 17 4.5789 4.7371 -0.00417941
17 17.6613 4.7371 5 -0.00146957
-1.85657e-18 0.869734 5.57693 5 -0.000105391
17.6613 18 5 5.14766 -0.00104865
18 19 5.14766 5.29319 -0.00691273
19 20 5.29319 5.4288 -0.00577242
20 21 5.4288 5.53551 -0.00681305
21 22 5.53551 5.8079 -0.00292088
22 22.3787 5.8079 6 -0.00103992
22.3787 23 6 6.259 -0.00122449
23 24 6.259 6.7364 -0.00279109
