0 1 12.5 12.5 -0.0016811
1 2 12.5 12.5 -0.00245765
2 3 12.5 12.5 -0.00309496
3 4 12.5 12.5 -0.00291642
4 5 12.5 12.5 -0.00292105
5 6 12.5 12.5 -0.00479303
6 7 12.5 12.5 -0.00434431
7 8 12.5 12.5 -0.00587228
8 9 12.5 12.5 -0.00536357
9 10 12.5 12.5 -0.00586186
10 11 12.5 12.5 -0.00610599
11 12 12.5 12.5 -0.00562624
12 13 12.5 12.5 -0.00649889
13 14 12.5 12.5 -0.00568783
14 15 12.5 12.5 -0.00696703
15 16 12.5 12.5 -0.00664071
16 17 12.5 12.5 -0.00726491
17 18 12.5 12.5 -0.00752024
18 19 12.5 12.5 -0.00633955
19 20 12.5 12.5 -0.00805875
20 21 12.5 12.5 -0.0082416
21 22 12.5 12.5 -0.0085694
22 23 12.5 12.5 -0.00862892
23 24 12.5 12.5 -0.00903849
