3.19483 4 4 3.76425 -0.000249711
4 5 3.76425 3.6983 -0.000687099
5 6 3.6983 3.64668 -0.00118523
6 7 3.64668 3.65714 -0.000956645
7 8 3.65714 3.55602 -0.0016991
8 9 3.55602 3.61749 -0.00155792
9 10 3.61749 3.57661 -0.00353221
10 11 3.57661 3.61005 -0.00348198
11 12 3.61005 3.66281 -0.00376652
12 13 3.66281 3.66278 -0.00499134
13 14 3.66278 3.68865 -0.00472702
14 15 3.68865 3.75642 -0.00554374
15 15.7483 3.75642 4 -0.000657718
-6.45176e-18 1 4.84388 4.31028 -9.20814e-06
1 2 4.31028 4.21404 -7.33507e-06
2 3 4.21404 4.06501 -0.000278025
3 3.19483 4.06501 4 -8.89555e-05
15.7483 16 4 4.09412 -0.000563225
16 17 4.09412 4.26887 -0.00597866
17 18 4.26887 4.40103 -0.00602254
18 19 4.40103 4.49984 -0.00422439
19 20 4.49984 4.59776 -0.00603796
20 20.9786 4.59776 5 -0.00342115
20.9786 21 5 5.01278 -9.56729e-05
21 22 5.01278 5.31751 -0.00399649
22 23 5.31751 5.42217 -0.00508072
23 24 5.42217 5.95443 -0.00138069
