0.529018 1 4 3.67749 -4.65476e-06
1 2 3.67749 3.54986 -7.26955e-06
2 3 3.54986 3.48866 -9.61256e-05
3 4 3.48866 3.41106 -0.000252787
4 5 3.41106 3.36772 -0.000374809
5 6 3.36772 3.31403 -0.000800654
6 7 3.31403 3.28805 -0.00100796
7 8 3.28805 3.22489 -0.00150894
8 9 3.22489 3.24776 -0.00232792
9 10 3.24776 3.22915 -0.00267018
10 11 3.22915 3.25515 -0.00372165
11 12 3.25515 3.29896 -0.00413375
12 13 3.29896 3.31938 -0.00445659
13 14 3.31938 3.35843 -0.0047736
14 15 3.35843 3.40519 -0.0049493
15 16 3.40519 3.49114 -0.00539407
16 17 3.49114 3.55299 -0.00746228
17 18 3.55299 3.71721 -0.00468081
18 18.7028 3.71721 4 -0.00102005
-1.55124e-17 0.529018 4.5843 4 -5.15329e-06
18.7028 19 4 4.13736 -0.000797543
19 20 4.13736 4.31812 -0.00319394
20 21 4.31812 4.44806 -0.00677394
21 22 4.44806 4.58698 -0.0060039
22 23 4.58698 4.97468 -0.00267142
23 23.0381 4.97468 5 -8.16035e-05
23.0381 24 5 5.68497 -0.00145596
