9.39865 10 3 2.99625 -0.00169573
10 10.0899 2.99625 3 -0.000305747
0.243052 1 4 3.50412 -7.18998e-06
1 2 3.50412 3.44132 -6.78843e-06
2 3 3.44132 3.36991 -6.95603e-06
3 4 3.36991 3.28322 -0.000132582
4 5 3.28322 3.21616 -0.000301946
5 6 3.21616 3.13985 -0.000861044
6 7 3.13985 3.07802 -0.00189055
7 8 3.07802 3.01927 -0.000940097
8 9 3.01927 3.00254 -0.00219801
9 9.39865 3.00254 3 -0.00093115
10.0899 11 3 3.03554 -0.00243572
11 12 3.03554 3.10459 -0.00346692
12 13 3.10459 3.15255 -0.00496174
13 14 3.15255 3.20626 -0.00418794
14 15 3.20626 3.274 -0.00496258
15 16 3.274 3.3714 -0.00588177
16 17 3.3714 3.44374 -0.0054826
17 18 3.44374 3.55534 -0.00554738
18 19 3.55534 3.71374 -0.00670024
19 19.6831 3.71374 4 -0.00159242
-1.92075e-18 0.243052 4.3827 4 -2.41867e-06
19.6831 20 4 4.14671 -0.000436267
20 21 4.14671 4.34013 -0.00545892
21 22 4.34013 4.48332 -0.00645953
22 23 4.48332 4.62523 -0.00822333
23 23.54 4.62523 5 -0.000851967
23.54 24 5 5.55968 -1.69112e-05
