0.76696 1 2 1.8367 -1.96494e-06
1 2 1.8367 1.6173 -7.28516e-06
2 3 1.6173 1.57666 -6.63357e-06
3 4 1.57666 1.51646 -8.12236e-05
4 5 1.51646 1.46108 -5.58292e-05
5 6 1.46108 1.42527 -0.000587447
6 7 1.42527 1.40336 -0.000342467
7 8 1.40336 1.36564 -0.00123291
8 9 1.36564 1.33838 -0.00119513
9 10 1.33838 1.34424 -0.000998366
10 11 1.34424 1.33791 -0.002308
11 12 1.33791 1.39174 -0.00202312
12 13 1.39174 1.39773 -0.00330215
13 14 1.39773 1.43924 -0.00273123
14 15 1.43924 1.48638 -0.00374532
15 16 1.48638 1.53286 -0.00410494
16 17 1.53286 1.60875 -0.00639519
17 18 1.60875 1.72742 -0.00482608
18 18.7748 1.72742 2 -0.000892429
2.4412e-17 0.76696 2.6672 2 -6.42581e-06
18.7748 19 2 2.09523 -0.000577356
19 20 2.09523 2.30891 -0.00405102
20 21 2.30891 2.44908 -0.00728172
21 22 2.44908 2.57897 -0.00603172
22 23 2.57897 2.88859 -0.00316688
23 23.1575 2.88859 3 -0.000236398
23.1575 24 3 3.68905 -0.000516292
