0.253298 1 1 0.479579 -5.70446e-06
1 2 0.479579 0.411843 -5.81093e-06
2 3 0.411843 0.356408 -6.62469e-06
3 4 0.356408 0.287203 -7.23953e-06
4 5 0.287203 0.218263 -6.80506e-06
5 6 0.218263 0.161597 -7.02115e-06
6 7 0.161597 0.105347 -0.000235195
7 8 0.105347 0.0380967 -0.000369589
8 9 0.0380967 0.0191251 -0.000601236
9 10 0.0191251 0.0235596 -0.000185949
10 11 0.0235596 0.0208423 -0.000453999
11 12 0.0208423 0.0400723 -0.00145966
12 13 0.0400723 0.106462 -0.0021617
13 14 0.106462 0.185154 -0.00302652
14 15 0.185154 0.255222 -0.00209466
15 16 0.255222 0.316149 -0.00451096
16 17 0.316149 0.37971 -0.00453486
17 18 0.37971 0.463511 -0.00446084
18 19 0.463511 0.546657 -0.00612095
19 20 0.546657 0.649145 -0.00774749
20 20.9238 0.649145 1 -0.00225685
5.35689e-18 0.253298 1.42737 1 -1.81628e-06
20.9238 21 1 1.03944 -0.000102384
21 22 1.03944 1.32855 -0.00257509
22 23 1.32855 1.43132 -0.00769939
23 23.9221 1.43132 2 -0.00126024
23.9221 24 2 2.15334 9.94156e-05
