4.55919 5 6 5.93437 -0.000820152
5 6 5.93437 5.73819 -0.00268696
6 7 5.73819 5.67129 -0.00160345
7 8 5.67129 5.72373 -0.00203707
8 9 5.72373 5.70631 -0.0045009
9 10 5.70631 5.70831 -0.00325657
10 11 5.70831 5.72669 -0.00441749
11 12 5.72669 5.6576 -0.00607477
12 13 5.6576 5.78545 -0.004023
13 14 5.78545 5.99601 -0.0038175
14 14.0183 5.99601 6 -0.000110476
2.2825e-17 1 6.82848 6.40089 -0.000170377
1 2 6.40089 6.33851 -0.000244623
2 3 6.33851 6.20978 -0.000563402
3 4 6.20978 6.07238 -0.00138767
4 4.55919 6.07238 6 -0.000803435
14.0183 15 6 6.17634 -0.0037072
15 16 6.17634 6.29703 -0.0047726
16 17 6.29703 6.39659 -0.00721658
17 18 6.39659 6.49053 -0.00670237
18 19 6.49053 6.62532 -0.00372971
19 19.9742 6.62532 7 -0.00322115
19.9742 20 7 7.01272 2.46322e-05
20 21 7.01272 7.31398 -0.00382556
21 22 7.31398 7.46023 -0.00733706
22 23 7.46023 7.55267 -0.00609438
23 23.7372 7.55267 8 -0.00117355
23.7372 24 8 8.31012 -3.13463e-06
