2.53318 3 7 6.86419 -0.000830085
3 4 6.86419 6.60837 -0.00172043
4 5 6.60837 6.61904 -0.00108468
5 6 6.61904 6.52016 -0.00251695
6 7 6.52016 6.55215 -0.00281269
7 8 6.55215 6.51917 -0.00298222
8 9 6.51917 6.50765 -0.00398487
9 10 6.50765 6.50577 -0.00427108
10 11 6.50577 6.53113 -0.00406525
11 12 6.53113 6.52963 -0.00631806
12 13 6.52963 6.53903 -0.00649149
13 14 6.53903 6.6074 -0.00457578
14 15 6.6074 6.80429 -0.00326929
15 15.676 6.80429 7 -0.000712186
2.99918e-17 1 7.68062 7.26967 -0.000667155
1 2 7.26967 7.14195 -0.000939311
2 2.53318 7.14195 7 -0.000626376
15.676 16 7 7.09453 -0.000848716
16 17 7.09453 7.26207 -0.00300295
17 18 7.26207 7.37897 -0.00598406
18 19 7.37897 7.47921 -0.00737123
19 20 7.47921 7.58925 -0.00716095
20 20.8006 7.58925 8 -0.00160999
20.8006 21 8 8.1398 -0.000217776
21 22 8.1398 8.30714 -0.00326471
22 23 8.30714 8.39122 -0.00756442
23 24 8.39122 8.71608 -0.00290974
