8.40156 9 2 1.95304 -0.00070288
9 10 1.95304 1.92328 -0.00159198
10 11 1.92328 1.99265 -0.00175846
11 11.0853 1.99265 2 -3.50497e-05
0.238031 1 3 2.49262 -6.45105e-06
1 2 2.49262 2.43899 -6.72405e-06
2 3 2.43899 2.36293 -6.60438e-06
3 4 2.36293 2.29715 -7.24365e-06
4 5 2.29715 2.21471 -0.00038312
5 6 2.21471 2.1393 -0.000591621
6 7 2.1393 2.08696 -0.000850124
7 8 2.08696 2.0324 -0.00119785
8 8.40156 2.0324 2 -0.00108158
11.0853 12 2 2.07317 -0.00293494
12 13 2.07317 2.12763 -0.00271706
13 14 2.12763 2.18971 -0.00266479
14 15 2.18971 2.26193 -0.00451005
15 16 2.26193 2.33403 -0.00482682
16 17 2.33403 2.42371 -0.00569371
17 18 2.42371 2.50737 -0.00584876
18 19 2.50737 2.63267 -0.00575268
19 20 2.63267 2.95063 -0.00172446
20 20.1135 2.95063 3 -0.000242136
1.14101e-17 0.238031 3.3956 3 -2.08708e-06
20.1135 21 3 3.30368 -0.00122257
21 22 3.30368 3.43752 -0.00512128
22 23 3.43752 3.55606 -0.00678123
23 23.6519 3.55606 4 -0.000757655
23.6519 24 4 4.49128 2.6462e-05
