1.17947 2 9 8.75841 -0.00116994
2 3 8.75841 8.51349 -0.00165829
3 4 8.51349 8.48865 -0.00190373
4 5 8.48865 8.37423 -0.0032361
5 6 8.37423 8.39259 -0.00325568
6 7 8.39259 8.34556 -0.0042444
7 8 8.34556 8.31975 -0.0048901
8 9 8.31975 8.31746 -0.00476866
9 10 8.31746 8.32626 -0.00385052
10 11 8.32626 8.34879 -0.00544742
11 12 8.34879 8.4018 -0.0053828
12 13 8.4018 8.34995 -0.0070909
13 14 8.34995 8.53415 -0.00339191
14 15 8.53415 8.52397 -0.00809202
15 16 8.52397 8.66996 -0.0040282
16 16.9525 8.66996 9 -0.00215133
2.133e-17 1 9.44853 9.05286 -0.0019006
1 1.17947 9.05286 9 -0.000220984
16.9525 17 9 9.01853 -0.000124888
17 18 9.01853 9.18846 -0.00281911
18 19 9.18846 9.35554 -0.00499477
19 20 9.35554 9.32555 -0.00849746
20 21 9.32555 9.53052 -0.00523475
21 22 9.53052 9.96084 -0.00240792
22 22.1691 9.96084 10 -0.000657415
22.1691 23 10 10.1646 -0.0048377
23 24 10.1646 10.4225 -0.00282007
