2.09167 3 8 7.65294 -0.00143622
3 4 7.65294 7.58371 -0.00093741
4 5 7.58371 7.43458 -0.00344817
5 6 7.43458 7.50387 -0.00137246
6 7 7.50387 7.45733 -0.00319418
7 8 7.45733 7.43626 -0.00509017
8 9 7.43626 7.42679 -0.00435457
9 10 7.42679 7.42794 -0.00532488
10 11 7.42794 7.45727 -0.00577507
11 12 7.45727 7.4769 -0.00539197
12 13 7.4769 7.45839 -0.00704664
13 14 7.45839 7.59076 -0.00468861
14 15 7.59076 7.62127 -0.00697645
15 16 7.62127 7.95547 -0.00221911
16 16.1794 7.95547 8 -0.000532783
-4.09527e-19 1 8.65236 8.20681 -0.0015907
1 2 8.20681 8.04977 -0.00110532
2 2.09167 8.04977 8 -0.00018146
16.1794 17 8 8.14853 -0.00371381
17 18 8.14853 8.30879 -0.00506548
18 19 8.30879 8.45568 -0.00452824
19 20 8.45568 8.57717 -0.00602617
20 21 8.57717 8.75327 -0.0058052
21 21.5372 8.75327 9 -0.00145378
21.5372 22 9 9.23967 -0.000918774
22 23 9.23967 9.35951 -0.0054256
23 24 9.35951 9.60779 -0.00315557
