0.0316308 1 11 10.4667 -0.00336132
1 2 10.4667 10.4208 -0.00143871
2 3 10.4208 10.4157 -0.00195931
3 4 10.4157 10.3309 -0.0026255
4 5 10.3309 10.2489 -0.00450434
5 6 10.2489 10.1476 -0.00517841
6 7 10.1476 10.0726 -0.00506077
7 8 10.0726 10.1223 -0.00380575
8 9 10.1223 10.1194 -0.00609197
9 10 10.1194 10.1098 -0.00559799
10 11 10.1098 10.0709 -0.00636266
11 12 10.0709 10.1861 -0.0037117
12 13 10.1861 10.2694 -0.00498501
13 14 10.2694 10.3333 -0.00582298
14 15 10.3333 10.3978 -0.00543484
15 16 10.3978 10.4531 -0.00479473
16 17 10.4531 10.4074 -0.00751647
17 18 10.4074 10.696 -0.0019779
18 19 10.696 10.8816 -0.00442183
19 19.625 10.8816 11 -0.00299936
-3.27594e-19 0.0316308 11.0311 11 -3.97654e-07
19.625 20 11 11.0886 -0.00228748
20 21 11.0886 11.1816 -0.00649972
21 22 11.1816 11.2204 -0.00832233
22 23 11.2204 11.2922 -0.00686598
23 24 11.2922 11.5981 -0.00282265
