5.80911 6 7 6.98251 -0.00051638
6 7 6.98251 6.87508 -0.00323568
7 8 6.87508 6.81407 -0.00347717
8 9 6.81407 6.79869 -0.00318899
9 10 6.79869 6.80704 -0.00460917
10 11 6.80704 6.85224 -0.00358246
11 12 6.85224 6.92979 -0.00537677
12 12.6545 6.92979 7 -0.00270557
0.0539619 1 8 7.46277 -0.000635746
1 2 7.46277 7.38977 -0.000729308
2 3 7.38977 7.29321 -0.0012578
3 4 7.29321 7.18028 -0.00181917
4 5 7.18028 7.0544 -0.001537
5 5.80911 7.0544 7 -0.00193585
12.6545 13 7 7.03123 -0.00210002
13 14 7.03123 7.17518 -0.00313924
14 15 7.17518 7.27772 -0.0042371
15 16 7.27772 7.36338 -0.00571095
16 17 7.36338 7.47876 -0.00606763
17 18 7.47876 7.57503 -0.00513894
18 19 7.57503 7.86118 -0.00268825
19 19.3288 7.86118 8 -0.00103514
1.31069e-18 0.0539619 8.09188 8 -9.93996e-05
19.3288 20 8 8.26396 -0.00209553
20 21 8.26396 8.36939 -0.00709519
21 22 8.36939 8.47106 -0.00697656
22 23 8.47106 8.63986 -0.00566786
23 23.5591 8.63986 9 -0.00070041
23.5591 24 9 9.41497 -0.000106105
